steps,time,reward,delta,converged
1,0.02434007386682424,0.003215434083601286,0.9995060188363645,False
2,0.024192823706925992,0.002881844380403458,0.9995060188363645,False
3,0.03253813212768364,0.0,0.9995060188363645,False
4,0.03404914530756287,0.0,0.9995060188363645,False
5,0.02106847736558848,0.003278688524590164,0.9995060188363645,False
6,0.02415091404600389,0.0027100271002710027,0.9995060188363645,False
7,0.015243412065501616,0.00425531914893617,0.9995060188363645,False
8,0.03480200894546215,0.0,0.9995060188363645,False
9,0.036003419224471145,0.0,0.9995060188363645,False
10,0.034303623788673576,0.0,0.9995060188363645,False
11,0.008834254465000413,0.007352941176470588,0.9995060188363645,False
12,0.008775731965215527,0.007633587786259542,0.9995060188363645,False
13,0.0031681438249506755,0.02040816326530612,0.9995060188363645,False
14,0.008680208143687196,0.007407407407407408,0.9995060188363645,False
15,0.018158587667130632,0.003703703703703704,0.9995060188363645,False
16,0.0027717010866581404,0.023255813953488372,0.9995060188363645,False
17,0.01269787212186202,0.00510204081632653,0.9995060188363645,False
18,0.012127749707815383,0.0051813471502590676,0.9995060188363645,False
19,0.013017669263717835,0.005,0.9995060188363645,False
20,0.0033055773074011086,0.019230769230769232,0.9995060188363645,False
21,0.005618537511509203,0.011363636363636364,0.9995060188363645,False
22,0.012465292382330517,0.004901960784313725,0.9995060188363645,False
23,0.005309689739988244,0.011764705882352941,0.9995060188363645,False
24,0.0020007143521070248,0.030303030303030304,0.9995060188363645,False
25,0.011372998247225041,0.006211180124223602,0.9995060188363645,False
26,0.003833412496078381,0.016666666666666666,0.9995060188363645,False
27,0.0048875726151891286,0.01282051282051282,0.9995060188363645,False
28,0.003541932692314731,0.0196078431372549,0.9995060188363645,False
29,0.010054920534003031,0.006211180124223602,0.9995060188363645,False
30,0.0030084340360190254,0.020833333333333332,0.9995060188363645,False
31,0.005260606353658659,0.011904761904761904,0.9995060188363645,False
32,0.0181514139412684,0.0035714285714285713,0.9995060188363645,False
33,0.0020743394320561492,0.03333333333333333,0.9995060188363645,False
34,0.0026425740234117256,0.024390243902439025,0.9995060188363645,False
35,0.002752822861111781,0.023255813953488372,0.9995060188363645,False
36,0.013190216246130149,0.0048543689320388345,0.9995060188363645,False
37,0.004480935635001515,0.014285714285714285,0.9995060188363645,False
38,0.004121116654914658,0.015625,0.9995060188363645,False
39,0.0021615568343804625,0.029411764705882353,0.9995060188363645,False
40,0.007210727060737554,0.008771929824561403,0.9995060188363645,False
41,0.0029835147784069704,0.02127659574468085,0.9995060188363645,False
42,0.006022531539656484,0.010752688172043012,0.9995060188363645,False
43,0.0041743532506188785,0.015625,0.9995060188363645,False
44,0.009353783234473667,0.007633587786259542,0.9995060188363645,False
45,0.002964636552860611,0.02127659574468085,0.9995060188363645,False
46,0.0059507942823984195,0.011363636363636364,0.9995060188363645,False
47,0.0030601603743889427,0.02040816326530612,0.9995060188363645,False
48,0.00896564691538515,0.0070921985815602835,0.9995060188363645,False
49,0.0044428016190067865,0.014285714285714285,0.9995060188363645,False
50,0.003016362890775781,0.020833333333333332,0.9995060188363645,False
51,0.00642803582650231,0.009708737864077669,0.9995060188363645,False
52,0.005727276090965461,0.01098901098901099,0.9995060188363645,False
53,0.0016016286622289044,0.038461538461538464,0.9995060188363645,False
54,0.0015423510340042412,0.04,0.9995060188363645,False
55,0.007942069521504891,0.007874015748031496,0.9995060188363645,False
56,0.006719893194713222,0.009345794392523364,0.9995060188363645,False
57,0.003376559436219395,0.018867924528301886,0.9995060188363645,False
58,0.001543483727346029,0.043478260869565216,0.9995060188363645,False
59,0.004360114990959119,0.014285714285714285,0.9995060188363645,False
60,0.004657258262341202,0.013513513513513514,0.9995060188363645,False
61,0.004434117635355506,0.014285714285714285,0.9995060188363645,False
62,0.0015770869686093647,0.047619047619047616,0.9995060188363645,False
63,0.0016476915329803887,0.05263157894736842,0.9995060188363645,False
64,0.007241309786422789,0.008547008547008548,0.9995060188363645,False
65,0.002048665045094822,0.029411764705882353,0.9995060188363645,False
66,0.0015170542114901764,0.041666666666666664,0.9995060188363645,False
67,0.0034075197254423983,0.018518518518518517,0.9995060188363645,False
68,0.0077646142008234165,0.008264462809917356,0.9995060188363645,False
69,0.00680069200006983,0.009259259259259259,0.9995060188363645,False
70,0.0015589638724122779,0.041666666666666664,0.9995060188363645,False
71,0.005328190401542088,0.012195121951219513,0.9995060188363645,False
72,0.001207451311074692,0.05263157894736842,0.9995060188363645,False
73,0.005006127872093202,0.01282051282051282,0.9995060188363645,False
74,0.005448255916689959,0.011764705882352941,0.9995060188363645,False
75,0.0018545968855505635,0.034482758620689655,0.9995060188363645,False
76,0.0019712643202183244,0.03225806451612903,0.9995060188363645,False
77,0.004698790358816041,0.013513513513513514,0.9995060188363645,False
78,0.002115116399636463,0.029411764705882353,0.9995060188363645,False
79,0.0065379070997551025,0.009523809523809525,0.9995060188363645,False
80,0.0018912206433014944,0.03225806451612903,0.9995060188363645,False
81,0.0026263387489962042,0.024390243902439025,0.9995060188363645,False
82,0.004399381700295635,0.014285714285714285,0.9995060188363645,False
83,0.0024560571541769605,0.025,0.9995060188363645,False
84,0.0019002821918547852,0.03333333333333333,0.9995060188363645,False
85,0.010598613431739068,0.00625,0.9995060188363645,False
86,0.001298066794333863,0.05263157894736842,0.9995060188363645,False
87,0.0012576673912008118,0.05263157894736842,0.9995060188363645,False
88,0.0011364691827111528,0.05555555555555555,0.9995060188363645,False
89,0.0029140429078324814,0.02564102564102564,0.9995060188363645,False
90,0.0034973800798070442,0.017857142857142856,0.9995060188363645,False
91,0.001443429131541052,0.043478260869565216,0.9995060188363645,False
92,0.003489073660603026,0.017857142857142856,0.9995060188363645,False
93,0.0022230998497434484,0.027777777777777776,0.9995060188363645,False
94,0.0016374972910853103,0.037037037037037035,0.9995060188363645,False
95,0.001094937086236314,0.05555555555555555,0.9995060188363645,False
96,0.004193231476619985,0.016666666666666666,0.9995060188363645,False
97,0.0061410867965605576,0.010416666666666666,0.9995060188363645,False
98,0.001940681594533089,0.03571428571428571,0.9995060188363645,False
99,0.002850989634225698,0.022222222222222223,0.9995060188363645,False
100,0.00284419347281073,0.022727272727272728,0.9995060188363645,False
101,0.003060915503283468,0.02,0.9995060188363645,False
102,0.0018145750473195221,0.034482758620689655,0.9995060188363645,False
103,0.002614256684864813,0.022727272727272728,0.9995060188363645,False
104,0.00321760477618227,0.021739130434782608,0.9995060188363645,False
105,0.002172506205170066,0.03125,0.9995060188363645,False
106,0.0012127372142458626,0.058823529411764705,0.9995060188363645,False
107,0.0025636630402914307,0.02564102564102564,0.9995060188363645,False
108,0.006136178458291397,0.010309278350515464,0.9995060188363645,False
109,0.0026995862649528135,0.023809523809523808,0.9995060188363645,False
110,0.003159837405746657,0.02,0.9995060188363645,False
111,0.0013660284062098071,0.047619047619047616,0.9995060188363645,False
112,0.004394473361571727,0.014285714285714285,0.9995060188363645,False
113,0.0019942957551393192,0.043478260869565216,0.9995060188363645,False
114,0.000963922200298839,0.06666666666666667,0.9995060188363645,False
115,0.0018066461925627664,0.037037037037037035,0.9995060188363645,False
116,0.0026286041365892743,0.023809523809523808,0.9995060188363645,False
117,0.0013248738746369781,0.047619047619047616,0.9995060188363645,False
118,0.001512901002115541,0.05,0.9995060188363645,False
119,0.0021759042856501765,0.02857142857142857,0.9995060188363645,False
120,0.0025953784593184537,0.02564102564102564,0.9995060188363645,False
121,0.0018308103217350435,0.03571428571428571,0.9995060188363645,False
122,0.0022049767535463616,0.029411764705882353,0.9995060188363645,False
123,0.0019939181906920567,0.03125,0.9995060188363645,False
124,0.0016016286622289044,0.038461538461538464,0.9995060188363645,False
125,0.001065487054802361,0.058823529411764705,0.9995060188363645,False
126,0.0014407861799554667,0.05,0.9995060188363645,False
127,0.0016631716780466377,0.037037037037037035,0.9995060188363645,False
128,0.0034547152899904177,0.018518518518518517,0.9995060188363645,False
129,0.0014611746637456235,0.041666666666666664,0.9995060188363645,False
130,0.0019969387067249045,0.03125,0.9995060188363645,False
131,0.007137479545235692,0.008928571428571428,0.9995060188363645,False
132,0.002429627638321108,0.02564102564102564,0.9995060188363645,False
133,0.001070017828624259,0.058823529411764705,0.9995060188363645,False
134,0.00197919317497508,0.03225806451612903,0.9995060188363645,False
135,0.0010084748128065257,0.0625,0.9995060188363645,False
136,0.0010092299417010508,0.0625,0.9995060188363645,False
137,0.0017009281291393563,0.03571428571428571,0.9995060188363645,False
138,0.003288586904091062,0.02,0.9995060188363645,False
139,0.001301842439261236,0.047619047619047616,0.9995060188363645,False
140,0.0010598235867291805,0.0625,0.9995060188363645,False
141,0.0010579357640381204,0.058823529411764705,0.9995060188363645,False
142,0.0014011419061716879,0.043478260869565216,0.9995060188363645,False
143,0.0011104172313025629,0.05555555555555555,0.9995060188363645,False
144,0.0020056226908309327,0.03125,0.9995060188363645,False
145,0.0012346359558250697,0.05263157894736842,0.9995060188363645,False
146,0.0021494747702490713,0.030303030303030304,0.9995060188363645,False
147,0.0027248830874668784,0.023255813953488372,0.9995060188363645,False
148,0.0013169450198802224,0.05,0.9995060188363645,False
149,0.0010817223283083877,0.058823529411764705,0.9995060188363645,False
150,0.0012025429728055315,0.05263157894736842,0.9995060188363645,False
151,0.001518186904831964,0.043478260869565216,0.9995060188363645,False
152,0.0011474185535007564,0.05555555555555555,0.9995060188363645,False
153,0.0019708867553163145,0.03225806451612903,0.9995060188363645,False
154,0.001910098869302601,0.03333333333333333,0.9995060188363645,False
155,0.0011406223925405357,0.05555555555555555,0.9995060188363645,False
156,0.0012603103432411444,0.05263157894736842,0.9995060188363645,False
157,0.0014411637444027292,0.043478260869565216,0.9995060188363645,False
158,0.0025882047339109704,0.025,0.9995060188363645,False
159,0.0016994178708955587,0.037037037037037035,0.9995060188363645,False
160,0.0018345859666624165,0.058823529411764705,0.9995060188363645,False
161,0.0012625757299247198,0.05,0.9995060188363645,False
162,0.001019046619603614,0.0625,0.9995060188363645,False
163,0.0017281127743444813,0.037037037037037035,0.9995060188363645,False
164,0.0014894920022925362,0.043478260869565216,0.9995060188363645,False
165,0.002259346043047117,0.027777777777777776,0.9995060188363645,False
166,0.002387340412951744,0.02631578947368421,0.9995060188363645,False
167,0.001019046619603614,0.0625,0.9995060188363645,False
168,0.0012572898267535493,0.05,0.9995060188363645,False
169,0.0011379794409549504,0.05555555555555555,0.9995060188363645,False
170,0.002262744123527227,0.027777777777777776,0.9995060188363645,False
171,0.0013150571971891623,0.05,0.9995060188363645,False
172,0.0011368467471584154,0.05555555555555555,0.9995060188363645,False
173,0.0035770461918218643,0.017543859649122806,0.9995060188363645,False
174,0.0009612792491680011,0.06666666666666667,0.9995060188363645,False
175,0.0009038894431796507,0.07142857142857142,0.9995060188363645,False
176,0.001444184260435577,0.043478260869565216,0.9995060188363645,False
177,0.0016322113879141398,0.038461538461538464,0.9995060188363645,False
178,0.0009616568136152637,0.06666666666666667,0.9995060188363645,False
179,0.0017266025156459364,0.037037037037037035,0.9995060188363645,False
180,0.0013879271482437616,0.047619047619047616,0.9995060188363645,False
181,0.0009420234591743792,0.06666666666666667,0.9995060188363645,False
182,0.0015257381951414573,0.041666666666666664,0.9995060188363645,False
183,0.0013682937933481298,0.045454545454545456,0.9995060188363645,False
184,0.0009692081034700095,0.0625,0.9995060188363645,False
185,0.0010001683940572548,0.06666666666666667,0.9995060188363645,False
186,0.0020713189160233014,0.034482758620689655,0.9995060188363645,False
187,0.002103411899497587,0.029411764705882353,0.9995060188363645,False
188,0.0016786518226581393,0.037037037037037035,0.9995060188363645,False
189,0.0010802120705193374,0.058823529411764705,0.9995060188363645,False
190,0.001491379824528849,0.043478260869565216,0.9995060188363645,False
191,0.0017654916609899374,0.043478260869565216,0.9995060188363645,False
192,0.001797584644464223,0.05,0.9995060188363645,False
193,0.001893863595341827,0.037037037037037035,0.9995060188363645,False
194,0.002544784814290324,0.041666666666666664,0.9995060188363645,False
195,0.0011039986347896047,0.058823529411764705,0.9995060188363645,False
196,0.0009212574109369598,0.07142857142857142,0.9995060188363645,False
197,0.0017122550643762224,0.037037037037037035,0.9995060188363645,False
198,0.001038302409597236,0.0625,0.9995060188363645,False
199,0.0026350227331022325,0.024390243902439025,0.9995060188363645,False
200,0.0012002775856672088,0.05263157894736842,0.9995060188363645,False
201,0.0014290816798165906,0.045454545454545456,0.9995060188363645,False
202,0.0012263295370757987,0.05263157894736842,0.9995060188363645,False
203,0.001201787843456259,0.05263157894736842,0.9995060188363645,False
204,0.0010405677962808113,0.0625,0.9995060188363645,False
205,0.001275035358958121,0.05,0.9995060188363645,False
206,0.0011991448918706737,0.058823529411764705,0.9995060188363645,False
207,0.0010356594580116507,0.0625,0.9995060188363645,False
208,0.0018980168047164625,0.03333333333333333,0.9995060188363645,False
209,0.001138357005402213,0.058823529411764705,0.9995060188363645,False
210,0.0018746078048934578,0.034482758620689655,0.9995060188363645,False
211,0.001519319598628499,0.05263157894736842,0.9995060188363645,False
212,0.0008982259755612176,0.07142857142857142,0.9995060188363645,False
213,0.0021151163991817157,0.030303030303030304,0.9995060188363645,False
214,0.001096069780032849,0.058823529411764705,0.9995060188363645,False
215,0.0012784334398929786,0.05,0.9995060188363645,False
216,0.004303857878767303,0.014925373134328358,0.9995060188363645,False
217,0.0009695856679172721,0.06666666666666667,0.9995060188363645,False
218,0.0012482282782002585,0.05,0.9995060188363645,False
219,0.001353946342078416,0.047619047619047616,0.9995060188363645,False
220,0.0011938589886995032,0.05263157894736842,0.9995060188363645,False
221,0.0011251422474742867,0.05555555555555555,0.9995060188363645,False
222,0.0012425648110365728,0.05,0.9995060188363645,False
223,0.001532911921003688,0.04,0.9995060188363645,False
224,0.000889919555902452,0.07142857142857142,0.9995060188363645,False
225,0.0011243871181250142,0.05555555555555555,0.9995060188363645,False
226,0.0012976892298866005,0.047619047619047616,0.9995060188363645,False
227,0.0015385753890768683,0.041666666666666664,0.9995060188363645,False
228,0.001102865941447817,0.058823529411764705,0.9995060188363645,False
229,0.001532911921003688,0.04,0.9995060188363645,False
230,0.0009352272977594112,0.06666666666666667,0.9995060188363645,False
231,0.000971095926615817,0.0625,0.9995060188363645,False
232,0.0010001683936025074,0.0625,0.9995060188363645,False
233,0.0009299413945882407,0.07142857142857142,0.9995060188363645,False
234,0.0009340946039628761,0.06666666666666667,0.9995060188363645,False
235,0.0016703454039088683,0.04,0.9995060188363645,False
236,0.0010692626997297339,0.058823529411764705,0.9995060188363645,False
237,0.0013599873741441115,0.045454545454545456,0.9995060188363645,False
238,0.0010235773934255121,0.0625,0.9995060188363645,False
239,0.0010462312643539917,0.058823529411764705,0.9995060188363645,False
240,0.0013399764552559645,0.045454545454545456,0.9995060188363645,False
241,0.0012127372142458626,0.05555555555555555,0.9995060188363645,False
242,0.0017216941773767758,0.03571428571428571,0.9995060188363645,False
243,0.001418509873928997,0.045454545454545456,0.9995060188363645,False
244,0.0010099850710503233,0.0625,0.9995060188363645,False
245,0.0008495201532241481,0.07142857142857142,0.9995060188363645,False
246,0.0013112815522617893,0.045454545454545456,0.9995060188363645,False
247,0.0011202339087503788,0.05555555555555555,0.9995060188363645,False
248,0.0014426740021917794,0.043478260869565216,0.9995060188363645,False
249,0.0011036210703423421,0.05555555555555555,0.9995060188363645,False
250,0.001248983407549531,0.05,0.9995060188363645,False
251,0.0009503298783783976,0.06666666666666667,0.9995060188363645,False
252,0.0009824228613979358,0.0625,0.9995060188363645,False
253,0.0012429423754838353,0.05,0.9995060188363645,False
254,0.0010092299421557982,0.0625,0.9995060188363645,False
255,0.0011915936015611805,0.05555555555555555,0.9995060188363645,False
256,0.0010658646187948762,0.058823529411764705,0.9995060188363645,False
257,0.0008347951370524243,0.07142857142857142,0.9995060188363645,False
258,0.0011851750050482224,0.05263157894736842,0.9995060188363645,False
259,0.0012448301977201481,0.05,0.9995060188363645,False
260,0.0010088523772537883,0.0625,0.9995060188363645,False
261,0.0013562117292167386,0.045454545454545456,0.9995060188363645,False
262,0.0012995770521229133,0.047619047619047616,0.9995060188363645,False
263,0.0009563709104440932,0.06666666666666667,0.9995060188363645,False
264,0.0017122550643762224,0.037037037037037035,0.9995060188363645,False
265,0.0009106856045946188,0.07142857142857142,0.9995060188363645,False
266,0.0012410545527927752,0.05263157894736842,0.9995060188363645,False
267,0.0010673748770386737,0.058823529411764705,0.9995060188363645,False
268,0.0010080972488140105,0.0625,0.9995060188363645,False
269,0.0011832871823571622,0.058823529411764705,0.9995060188363645,False
270,0.0014774099377063976,0.05555555555555555,0.9995060188363645,False
271,0.003924405543330067,0.0196078431372549,0.9995060188363645,False
272,0.001081344763861125,0.058823529411764705,0.9995060188363645,False
273,0.000959391426476941,0.06666666666666667,0.9995060188363645,False
274,0.0011674294728436507,0.05555555555555555,0.9995060188363645,False
275,0.0012859847297477245,0.05,0.9995060188363645,False
276,0.0009446664103052171,0.06666666666666667,0.9995060188363645,False
277,0.0009186144588966272,0.07142857142857142,0.9995060188363645,False
278,0.0009778920875760377,0.06666666666666667,0.9995060188363645,False
279,0.000975626700437715,0.06666666666666667,0.9995060188363645,False
280,0.0013811309872835409,0.047619047619047616,0.9995060188363645,False
281,0.0013837739388691261,0.047619047619047616,0.9995060188363645,False
282,0.000901624056041328,0.07142857142857142,0.9995060188363645,False
283,0.0010243325227747846,0.0625,0.9995060188363645,False
284,0.001139112134296738,0.05555555555555555,0.9995060188363645,False
285,0.001198012198528886,0.05263157894736842,0.9995060188363645,False
286,0.0010201793129454018,0.0625,0.9995060188363645,False
287,0.0011934814242522407,0.05555555555555555,0.9995060188363645,False
288,0.001259177648989862,0.05,0.9995060188363645,False
289,0.0013252514390842407,0.05,0.9995060188363645,False
290,0.0016480690974276513,0.041666666666666664,0.9995060188363645,False
291,0.0009616568136152637,0.06666666666666667,0.9995060188363645,False
292,0.0009616568131605163,0.06666666666666667,0.9995060188363645,False
293,0.001138357005402213,0.05555555555555555,0.9995060188363645,False
294,0.0012142474724896601,0.05263157894736842,0.9995060188363645,False
295,0.0009420234587196319,0.06666666666666667,0.9995060188363645,False
296,0.0010624665383147658,0.058823529411764705,0.9995060188363645,False
297,0.0017311332899225818,0.037037037037037035,0.9995060188363645,False
298,0.0011149480055792083,0.058823529411764705,0.9995060188363645,False
299,0.0013788656001452182,0.045454545454545456,0.9995060188363645,False
300,0.000996770313122397,0.06666666666666667,0.9995060188363645,False
301,0.0011164582638230058,0.058823529411764705,0.9995060188363645,False
302,0.0010273530388076324,0.0625,0.9995060188363645,False
303,0.0008982259751064703,0.07142857142857142,0.9995060188363645,False
304,0.001250116101346066,0.05555555555555555,0.9995060188363645,False
305,0.001043210748321144,0.0625,0.9995060188363645,False
306,0.0013380886325649044,0.047619047619047616,0.9995060188363645,False
307,0.0010877633608288306,0.058823529411764705,0.9995060188363645,False
308,0.0012550244396152266,0.05555555555555555,0.9995060188363645,False
309,0.0009922395388457517,0.06666666666666667,0.9995060188363645,False
310,0.0009824228618526831,0.06666666666666667,0.9995060188363645,False
311,0.0010364145869061758,0.0625,0.9995060188363645,False
312,0.0009741164421939175,0.06666666666666667,0.9995060188363645,False
313,0.0011481736828500289,0.05555555555555555,0.9995060188363645,False
314,0.0009726061839501199,0.06666666666666667,0.9995060188363645,False
315,0.000912195862383669,0.07142857142857142,0.9995060188363645,False
316,0.0009155939428637794,0.07142857142857142,0.9995060188363645,False
317,0.001059446022281918,0.0625,0.9995060188363645,False
318,0.0009250330558643327,0.07142857142857142,0.9995060188363645,False
319,0.0012244417143847386,0.05263157894736842,0.9995060188363645,False
320,0.001305618084188609,0.05263157894736842,0.9995060188363645,False
321,0.0009771369586815126,0.06666666666666667,0.9995060188363645,False
322,0.0010379248451499734,0.0625,0.9995060188363645,False
323,0.0014056726804483333,0.045454545454545456,0.9995060188363645,False
324,0.0010975800382766465,0.058823529411764705,0.9995060188363645,False
325,0.0011134377473354107,0.058823529411764705,0.9995060188363645,False
326,0.0012006551501144713,0.05555555555555555,0.9995060188363645,False
327,0.0009174817655548395,0.07142857142857142,0.9995060188363645,False
328,0.0009137061201727192,0.07142857142857142,0.9995060188363645,False
329,0.0014245509059946926,0.05555555555555555,0.9995060188363645,False
330,0.001042833183419134,0.0625,0.9995060188363645,False
331,0.0010568030706963327,0.06666666666666667,0.9995060188363645,False
332,0.001302975133057771,0.06666666666666667,0.9995060188363645,False
333,0.000953350393956498,0.07142857142857142,0.9995060188363645,False
334,0.0013535687776311534,0.0625,0.9995060188363645,False
335,0.0012127372142458626,0.05555555555555555,0.9995060188363645,False
336,0.0011126826184408856,0.058823529411764705,0.9995060188363645,False
337,0.0009684529745754844,0.06666666666666667,0.9995060188363645,False
338,0.0009042670076269133,0.07142857142857142,0.9995060188363645,False
339,0.0013705591804864525,0.05263157894736842,0.9995060188363645,False
340,0.00118857308598308,0.058823529411764705,0.9995060188363645,False
341,0.0011398672631912632,0.07142857142857142,0.9995060188363645,False
342,0.0013784880352432083,0.0625,0.9995060188363645,False
343,0.0011107947962045728,0.058823529411764705,0.9995060188363645,False
344,0.0012648411170630425,0.05263157894736842,0.9995060188363645,False
345,0.0009103080396926089,0.07142857142857142,0.9995060188363645,False
346,0.0011564801020540472,0.05555555555555555,0.9995060188363645,False
347,0.0009114407330343965,0.07142857142857142,0.9995060188363645,False
348,0.0008706637663635775,0.07142857142857142,0.9995060188363645,False
349,0.0010337716353205906,0.0625,0.9995060188363645,False
350,0.0008989811044557428,0.07142857142857142,0.9995060188363645,False
351,0.0012637084237212548,0.05,0.9995060188363645,False
352,0.0010269754743603698,0.0625,0.9995060188363645,False
353,0.0010783242478282773,0.058823529411764705,0.9995060188363645,False
354,0.0012040532305945817,0.05263157894736842,0.9995060188363645,False
355,0.0009605241198187286,0.06666666666666667,0.9995060188363645,False
356,0.0011175909571647935,0.058823529411764705,0.9995060188363645,False
357,0.0008997362338050152,0.07142857142857142,0.9995060188363645,False
358,0.0009038894431796507,0.07142857142857142,0.9995060188363645,False
359,0.001081344763861125,0.058823529411764705,0.9995060188363645,False
360,0.0009053997009687009,0.07142857142857142,0.9995060188363645,False
361,0.001021689570734452,0.0625,0.9995060188363645,False
362,0.0010805896349666,0.058823529411764705,0.9995060188363645,False
363,0.0008827458304949687,0.07142857142857142,0.9995060188363645,False
364,0.0008887868625606643,0.07142857142857142,0.9995060188363645,False
365,0.0012006551501144713,0.05555555555555555,0.9995060188363645,False
366,0.000906154829863226,0.07142857142857142,0.9995060188363645,False
367,0.0009103080396926089,0.07142857142857142,0.9995060188363645,False
368,0.001317322584327485,0.05,0.9995060188363645,False
369,0.0009057772658707108,0.07142857142857142,0.9995060188363645,False
370,0.0008453669433947653,0.07142857142857142,0.9995060188363645,False
371,0.0010790793771775498,0.058823529411764705,0.9995060188363645,False
372,0.001255779568964499,0.05263157894736842,0.9995060188363645,False
373,0.0009012464915940654,0.07142857142857142,0.9995060188363645,False
374,0.0013777329063486832,0.045454545454545456,0.9995060188363645,False
375,0.0009609016842659912,0.06666666666666667,0.9995060188363645,False
376,0.0010318838130842778,0.0625,0.9995060188363645,False
377,0.0009684529750302318,0.06666666666666667,0.9995060188363645,False
378,0.0010609562805257156,0.0625,0.9995060188363645,False
379,0.0009020016204885906,0.07142857142857142,0.9995060188363645,False
380,0.001027730603254895,0.0625,0.9995060188363645,False
381,0.0009035118787323881,0.07142857142857142,0.9995060188363645,False
382,0.0009646773296481115,0.06666666666666667,0.9995060188363645,False
383,0.0009624119425097888,0.06666666666666667,0.9995060188363645,False
384,0.0010620889738675032,0.0625,0.9995060188363645,False
385,0.0010677524414859363,0.07142857142857142,0.9995060188363645,False
386,0.001102865941447817,0.0625,0.9995060188363645,False
387,0.0009031343138303782,0.07142857142857142,0.9995060188363645,False
388,0.0011398672631912632,0.058823529411764705,0.9995060188363645,False
389,0.0009023791849358531,0.07142857142857142,0.9995060188363645,False
390,0.0010198017484981392,0.0625,0.9995060188363645,False
391,0.0010213120062871894,0.0625,0.9995060188363645,False
392,0.0011987673274234112,0.05555555555555555,0.9995060188363645,False
393,0.0009642997647461016,0.06666666666666667,0.9995060188363645,False
394,0.0009510850068181753,0.07142857142857142,0.9995060188363645,False
395,0.0010813447643158725,0.058823529411764705,0.9995060188363645,False
396,0.0009012464915940654,0.07142857142857142,0.9995060188363645,False
397,0.0010190466191488667,0.0625,0.9995060188363645,False
398,0.001137224311605678,0.05555555555555555,0.9995060188363645,False
399,0.001137224311605678,0.058823529411764705,0.9995060188363645,False
400,0.0011761134564949316,0.06666666666666667,0.9995060188363645,False
401,0.0009714734910630796,0.06666666666666667,0.9995060188363645,False
402,0.000913328556180204,0.07142857142857142,0.9995060188363645,False
403,0.0009046445720741758,0.07142857142857142,0.9995060188363645,False
404,0.0012580449556480744,0.05,0.9995060188363645,False
405,0.0009012464915940654,0.07142857142857142,0.9995060188363645,False
406,0.0010205568773926643,0.0625,0.9995060188363645,False
407,0.0009846882489910058,0.06666666666666667,0.9995060188363645,False
408,0.0010213120067419368,0.0625,0.9995060188363645,False
409,0.0009035118782776408,0.07142857142857142,0.9995060188363645,False
410,0.0010213120062871894,0.0625,0.9995060188363645,False
411,0.0010907838768616784,0.0625,0.9995060188363645,False
412,0.0010231998289782496,0.0625,0.9995060188363645,False
413,0.0011398672636460105,0.05555555555555555,0.9995060188363645,False
414,0.001085497973690508,0.058823529411764705,0.9995060188363645,False
415,0.0010198017484981392,0.0625,0.9995060188363645,False
416,0.0008816131366984337,0.07142857142857142,0.9995060188363645,False
417,0.0009986581358134572,0.06666666666666667,0.9995060188363645,False
418,0.001022067135636462,0.0625,0.9995060188363645,False
419,0.0011168358282702684,0.058823529411764705,0.9995060188363645,False
420,0.0009424010231668944,0.07142857142857142,0.9995060188363645,False
421,0.0009590138620296784,0.06666666666666667,0.9995060188363645,False
422,0.001022822264530987,0.0625,0.9995060188363645,False
423,0.0011141928766846831,0.058823529411764705,0.9995060188363645,False
424,0.0008846336527312815,0.07142857142857142,0.9995060188363645,False
425,0.0010609562805257156,0.058823529411764705,0.9995060188363645,False
426,0.0009306965234827658,0.06666666666666667,0.9995060188363645,False
427,0.0009495747490291251,0.06666666666666667,0.9995060188363645,False
428,0.0009042670076269133,0.07142857142857142,0.9995060188363645,False
429,0.0010250876516693097,0.0625,0.9995060188363645,False
430,0.0009057772654159635,0.07142857142857142,0.9995060188363645,False
431,0.0011436429085733835,0.05555555555555555,0.9995060188363645,False
432,0.0010839877159014577,0.058823529411764705,0.9995060188363645,False
433,0.000916726636205567,0.07142857142857142,0.9995060188363645,False
434,0.0010360370224589133,0.07142857142857142,0.9995060188363645,False
435,0.000987331200576591,0.06666666666666667,0.9995060188363645,False
436,0.000980535039161623,0.06666666666666667,0.9995060188363645,False
437,0.0009820452969506732,0.06666666666666667,0.9995060188363645,False
438,0.000953350393956498,0.07142857142857142,0.9995060188363645,False
439,0.0010941819573417888,0.058823529411764705,0.9995060188363645,False
440,0.001033394070873328,0.0625,0.9995060188363645,False
441,0.0013312924711499363,0.047619047619047616,0.9995060188363645,False
442,0.0008612246529082768,0.07142857142857142,0.9995060188363645,False
443,0.0010092299421557982,0.06666666666666667,0.9995060188363645,False
444,0.0009269208785553928,0.07142857142857142,0.9995060188363645,False
445,0.001032261377076793,0.0625,0.9995060188363645,False
446,0.0010337716353205906,0.0625,0.9995060188363645,False
447,0.000980535039161623,0.06666666666666667,0.9995060188363645,False
448,0.0012048083594891068,0.05555555555555555,0.9995060188363645,False
449,0.0009137061206274666,0.07142857142857142,0.9995060188363645,False
450,0.0013082610357741942,0.05263157894736842,0.9995060188363645,False
451,0.00092276766872601,0.07142857142857142,0.9995060188363645,False
452,0.000981290168056148,0.06666666666666667,0.9995060188363645,False
453,0.0009186144593513745,0.07142857142857142,0.9995060188363645,False
454,0.0009212574104822124,0.07142857142857142,0.9995060188363645,False
455,0.0009189920237986371,0.07142857142857142,0.9995060188363645,False
456,0.0009155939428637794,0.07142857142857142,0.9995060188363645,False
457,0.0009771369582267653,0.06666666666666667,0.9995060188363645,False
458,0.0010341491997678531,0.0625,0.9995060188363645,False
459,0.0009174817655548395,0.07142857142857142,0.9995060188363645,False
460,0.0009726061844048672,0.06666666666666667,0.9995060188363645,False
461,0.0008563163146391162,0.07142857142857142,0.9995060188363645,False
462,0.0009137061201727192,0.07142857142857142,0.9995060188363645,False
463,0.0010326389415240556,0.0625,0.9995060188363645,False
464,0.0009223901042787475,0.07142857142857142,0.9995060188363645,False
465,0.000916726636205567,0.07142857142857142,0.9995060188363645,False
466,0.0010703953930715215,0.0625,0.9995060188363645,False
467,0.0009348497328574012,0.07142857142857142,0.9995060188363645,False
468,0.0009144612495219917,0.07142857142857142,0.9995060188363645,False
469,0.0010938043928945262,0.058823529411764705,0.9995060188363645,False
470,0.001512523437213531,0.06666666666666667,0.9995060188363645,False
471,0.0010201793129454018,0.0625,0.9995060188363645,False
472,0.0010156485386687564,0.0625,0.9995060188363645,False
473,0.001073793473551632,0.058823529411764705,0.9995060188363645,False
474,0.0011893282144228579,0.05555555555555555,0.9995060188363645,False
475,0.0008967157173174201,0.07142857142857142,0.9995060188363645,False
476,0.0009053997009687009,0.07142857142857142,0.9995060188363645,False
477,0.0009624119425097888,0.06666666666666667,0.9995060188363645,False
478,0.001074926167348167,0.058823529411764705,0.9995060188363645,False
479,0.001260310342786397,0.05,0.9995060188363645,False
480,0.0011466634246062313,0.05555555555555555,0.9995060188363645,False
481,0.0014426740026465268,0.06666666666666667,0.9995060188363645,False
482,0.001263330858819245,0.06666666666666667,0.9995060188363645,False
483,0.0010768139895844797,0.0625,0.9995060188363645,False
484,0.0009269208785553928,0.07142857142857142,0.9995060188363645,False
485,0.0010258427805638348,0.0625,0.9995060188363645,False
486,0.0010024337807408301,0.06666666666666667,0.9995060188363645,False
487,0.0011308057150927198,0.058823529411764705,0.9995060188363645,False
488,0.0008952054590736225,0.07142857142857142,0.9995060188363645,False
489,0.0014675932602585817,0.047619047619047616,0.9995060188363645,False
490,0.001042833183419134,0.0625,0.9995060188363645,False
491,0.0011466634246062313,0.0625,0.9995060188363645,False
492,0.0010518947319724248,0.0625,0.9995060188363645,False
493,0.0010281081677021575,0.0625,0.9995060188363645,False
494,0.0009741164421939175,0.06666666666666667,0.9995060188363645,False
495,0.0008506528465659358,0.07142857142857142,0.9995060188363645,False
496,0.001660906290908315,0.038461538461538464,0.9995060188363645,False
497,0.0010062094261229504,0.0625,0.9995060188363645,False
498,0.0009982805709114473,0.07142857142857142,0.9995060188363645,False
499,0.0010820998927556502,0.07142857142857142,0.9995060188363645,False
500,0.0008551836212973285,0.07142857142857142,0.9995060188363645,False
501,0.0009155939428637794,0.07142857142857142,0.9995060188363645,False
502,0.0009314516523772909,0.07142857142857142,0.9995060188363645,False
503,0.000927676007449918,0.07142857142857142,0.9995060188363645,False
504,0.0009846882485362585,0.06666666666666667,0.9995060188363645,False
505,0.0009869536361293285,0.06666666666666667,0.9995060188363645,False
506,0.0010458536999067292,0.0625,0.9995060188363645,False
507,0.0011051313285861397,0.058823529411764705,0.9995060188363645,False
508,0.0009246554914170702,0.07142857142857142,0.9995060188363645,False
509,0.0009994132647079823,0.07142857142857142,0.9995060188363645,False
510,0.0010643543605510786,0.0625,0.9995060188363645,False
511,0.0012720148429252731,0.05,0.9995060188363645,False
512,0.0008982259751064703,0.07142857142857142,0.9995060188363645,False
513,0.000874439410836203,0.07142857142857142,0.9995060188363645,False
514,0.0008721740241526277,0.07142857142857142,0.9995060188363645,False
515,0.000854428491948056,0.07142857142857142,0.9995060188363645,False
516,0.0009061548303179734,0.07142857142857142,0.9995060188363645,False
517,0.0010258427805638348,0.0625,0.9995060188363645,False
518,0.0010281081677021575,0.0625,0.9995060188363645,False
519,0.0009095529107980838,0.07142857142857142,0.9995060188363645,False
520,0.0009087977819035586,0.07142857142857142,0.9995060188363645,False
521,0.000969963232819282,0.06666666666666667,0.9995060188363645,False
522,0.0008351727019544342,0.07142857142857142,0.9995060188363645,False
523,0.0009144612495219917,0.07142857142857142,0.9995060188363645,False
524,0.000906532394765236,0.07142857142857142,0.9995060188363645,False
525,0.0010250876516693097,0.0625,0.9995060188363645,False
526,0.0011655416501525906,0.05555555555555555,0.9995060188363645,False
527,0.00105491524846002,0.07142857142857142,0.9995060188363645,False
528,0.0015521677114520571,0.0625,0.9995060188363645,False
529,0.0012603103432411444,0.058823529411764705,0.9995060188363645,False
530,0.0009673202812336967,0.06666666666666667,0.9995060188363645,False
531,0.0009099304752453463,0.07142857142857142,0.9995060188363645,False
532,0.001091539006210951,0.058823529411764705,0.9995060188363645,False
533,0.000912195862383669,0.07142857142857142,0.9995060188363645,False
534,0.000912195862383669,0.07142857142857142,0.9995060188363645,False
535,0.0008710413303560927,0.07142857142857142,0.9995060188363645,False
536,0.0010198017484981392,0.0625,0.9995060188363645,False
537,0.0009020016204885906,0.07142857142857142,0.9995060188363645,False
538,0.001022822264530987,0.0625,0.9995060188363645,False
539,0.0008823682660477061,0.07142857142857142,0.9995060188363645,False
540,0.0010028113451880927,0.0625,0.9995060188363645,False
541,0.0010201793129454018,0.0625,0.9995060188363645,False
542,0.0009605241198187286,0.06666666666666667,0.9995060188363645,False
543,0.0009080426530090335,0.07142857142857142,0.9995060188363645,False
544,0.0008997362333502679,0.07142857142857142,0.9995060188363645,False
545,0.0009012464915940654,0.07142857142857142,0.9995060188363645,False
546,0.0009008689271468029,0.07142857142857142,0.9995060188363645,False
547,0.0010182914902543416,0.0625,0.9995060188363645,False
548,0.0009575036037858808,0.06666666666666667,0.9995060188363645,False
549,0.0011579903598430974,0.058823529411764705,0.9995060188363645,False
550,0.0010216895711891993,0.0625,0.9995060188363645,False
551,0.00102886329705143,0.0625,0.9995060188363645,False
552,0.0019844790781462507,0.05555555555555555,0.9995060188363645,False
553,0.0019988265294159646,0.03225806451612903,0.9995060188363645,False
554,0.000976004265339725,0.06666666666666667,0.9995060188363645,False
555,0.0010303735548404802,0.0625,0.9995060188363645,False
556,0.0009103080401473562,0.07142857142857142,0.9995060188363645,False
557,0.0009178593300021021,0.06666666666666667,0.9995060188363645,False
558,0.00260859321724638,0.023809523809523808,0.9995060188363645,False
559,0.0008548060563953186,0.07142857142857142,0.9995060188363645,False
560,0.0009242779265150602,0.07142857142857142,0.9995060188363645,False
561,0.0010398126673862862,0.0625,0.9995060188363645,False
562,0.0009178593300021021,0.07142857142857142,0.9995060188363645,False
563,0.0010507620381758898,0.06666666666666667,0.9995060188363645,False
564,0.0010394351029390236,0.0625,0.9995060188363645,False
565,0.0009140836850747291,0.07142857142857142,0.9995060188363645,False
566,0.0009159715073110419,0.07142857142857142,0.9995060188363645,False
567,0.0010326389415240556,0.0625,0.9995060188363645,False
568,0.0009710959261610697,0.06666666666666667,0.9995060188363645,False
569,0.0009726061844048672,0.06666666666666667,0.9995060188363645,False
570,0.001011872893286636,0.0625,0.9995060188363645,False
571,0.0008525406697117432,0.07142857142857142,0.9995060188363645,False
572,0.0010888960541706183,0.058823529411764705,0.9995060188363645,False
573,0.0008691535081197799,0.07142857142857142,0.9995060188363645,False
574,0.0010926716995527386,0.058823529411764705,0.9995060188363645,False
575,0.0010337716353205906,0.0625,0.9995060188363645,False
576,0.000965054894095374,0.06666666666666667,0.9995060188363645,False
577,0.0009106856041398714,0.07142857142857142,0.9995060188363645,False
578,0.0009084202170015487,0.07142857142857142,0.9995060188363645,False
579,0.001013383151985181,0.0625,0.9995060188363645,False
580,0.0010118728937413835,0.0625,0.9995060188363645,False
581,0.0009042670076269133,0.07142857142857142,0.9995060188363645,False
582,0.0009174817655548395,0.07142857142857142,0.9995060188363645,False
583,0.0009314516523772909,0.07142857142857142,0.9995060188363645,False
584,0.0013630078906317067,0.05,0.9995060188363645,False
585,0.0009118182974816591,0.07142857142857142,0.9995060188363645,False
586,0.0010307511192877428,0.0625,0.9995060188363645,False
587,0.0009722286199576047,0.06666666666666667,0.9995060188363645,False
588,0.0009095529103433364,0.07142857142857142,0.9995060188363645,False
589,0.0010092299421557982,0.0625,0.9995060188363645,False
590,0.0008884092976586544,0.07142857142857142,0.9995060188363645,False
591,0.0008510304114679457,0.07142857142857142,0.9995060188363645,False
592,0.0011489288112898066,0.0625,0.9995060188363645,False
593,0.0008446118145002401,0.07142857142857142,0.9995060188363645,False
594,0.0008963381528701575,0.07142857142857142,0.9995060188363645,False
595,0.0008914298141462496,0.07142857142857142,0.9995060188363645,False
596,0.0008925625079427846,0.07142857142857142,0.9995060188363645,False
597,0.0009503298779236502,0.06666666666666667,0.9995060188363645,False
598,0.001006586990570213,0.0625,0.9995060188363645,False
599,0.0009491971845818625,0.06666666666666667,0.9995060188363645,False
600,0.001011117764392111,0.0625,0.9995060188363645,False
601,0.0011051313285861397,0.07142857142857142,0.9995060188363645,False
602,0.0010503844737286272,0.0625,0.9995060188363645,False
603,0.0009061548303179734,0.07142857142857142,0.9995060188363645,False
604,0.0009114407330343965,0.07142857142857142,0.9995060188363645,False
605,0.0009118182974816591,0.07142857142857142,0.9995060188363645,False
606,0.0010367921518081857,0.0625,0.9995060188363645,False
607,0.0009103080396926089,0.07142857142857142,0.9995060188363645,False
608,0.0009091753463508212,0.07142857142857142,0.9995060188363645,False
609,0.0009069099592124985,0.07142857142857142,0.9995060188363645,False
610,0.0009695856683720194,0.06666666666666667,0.9995060188363645,False
611,0.0011436429085733835,0.05555555555555555,0.9995060188363645,False
612,0.0009057772658707108,0.07142857142857142,0.9995060188363645,False
613,0.0010941819573417888,0.058823529411764705,0.9995060188363645,False
614,0.0009665651523391716,0.06666666666666667,0.9995060188363645,False
615,0.0009050221365214384,0.07142857142857142,0.9995060188363645,False
616,0.0009065323943104886,0.07142857142857142,0.9995060188363645,False
617,0.0010262203450110974,0.0625,0.9995060188363645,False
618,0.0008464996371913003,0.07142857142857142,0.9995060188363645,False
619,0.001222931456140941,0.05263157894736842,0.9995060188363645,False
620,0.0010858755381377705,0.058823529411764705,0.9995060188363645,False
621,0.0009061548303179734,0.07142857142857142,0.9995060188363645,False
622,0.0009069099592124985,0.07142857142857142,0.9995060188363645,False
623,0.0009129509912781941,0.07142857142857142,0.9995060188363645,False
624,0.0010975800378218992,0.0625,0.9995060188363645,False
625,0.0009099304752453463,0.07142857142857142,0.9995060188363645,False
626,0.0009106856041398714,0.07142857142857142,0.9995060188363645,False
627,0.000912195862383669,0.07142857142857142,0.9995060188363645,False
628,0.0009042670071721659,0.07142857142857142,0.9995060188363645,False
629,0.0008491425887768855,0.07142857142857142,0.9995060188363645,False
630,0.000906532394765236,0.07142857142857142,0.9995060188363645,False
631,0.0011470409895082412,0.05555555555555555,0.9995060188363645,False
632,0.0009103080396926089,0.07142857142857142,0.9995060188363645,False
633,0.0010265979099131073,0.0625,0.9995060188363645,False
634,0.0009080426525542862,0.07142857142857142,0.9995060188363645,False
635,0.0011893282148776052,0.05555555555555555,0.9995060188363645,False
636,0.000901624056041328,0.07142857142857142,0.9995060188363645,False
637,0.0009001137982522778,0.07142857142857142,0.9995060188363645,False
638,0.0010175363613598165,0.0625,0.9995060188363645,False
639,0.0009609016847207386,0.06666666666666667,0.9995060188363645,False
640,0.0009590138620296784,0.06666666666666667,0.9995060188363645,False
641,0.0008997362333502679,0.07142857142857142,0.9995060188363645,False
642,0.0008989811044557428,0.07142857142857142,0.9995060188363645,False
643,0.0010907838768616784,0.0625,0.9995060188363645,False
644,0.0009461766685490147,0.06666666666666667,0.9995060188363645,False
645,0.0008876541692188766,0.07142857142857142,0.9995060188363645,False
646,0.0009752491359904525,0.07142857142857142,0.9995060188363645,False
647,0.001065109489900351,0.058823529411764705,0.9995060188363645,False
648,0.000880480443356646,0.07142857142857142,0.9995060188363645,False
649,0.000879347749560111,0.07142857142857142,0.9995060188363645,False
650,0.0009363599911011988,0.06666666666666667,0.9995060188363645,False
651,0.0008566938790863787,0.07142857142857142,0.9995060188363645,False
652,0.000959391426476941,0.0625,0.9995060188363645,False
653,0.0010141382808797061,0.058823529411764705,0.9995060188363645,False
654,0.0011866852628372726,0.05,0.9995060188363645,False
655,0.000849897718126158,0.07142857142857142,0.9995060188363645,False
656,0.0009106856045946188,0.06666666666666667,0.9995060188363645,False
657,0.0007913752183412726,0.07142857142857142,0.9995060188363645,False
658,0.0011753583276004065,0.05555555555555555,0.9995060188363645,False
659,0.0010477415225977893,0.07142857142857142,0.9995060188363645,False
660,0.000863867604493862,0.07142857142857142,0.9995060188363645,False
661,0.0009790247809178254,0.0625,0.9995060188363645,False
662,0.0013010873103667109,0.05555555555555555,0.9995060188363645,False
663,0.0009072875236597611,0.06666666666666667,0.9995060188363645,False
664,0.000889919555902452,0.07142857142857142,0.9995060188363645,False
665,0.0009239003620677977,0.07142857142857142,0.9995060188363645,False
666,0.0010802120705193374,0.05555555555555555,0.9995060188363645,False
667,0.0008385707824345445,0.07142857142857142,0.9995060188363645,False
668,0.0009918619743984891,0.07142857142857142,0.9995060188363645,False
669,0.0008940727657318348,0.07142857142857142,0.9995060188363645,False
670,0.0009703407972665445,0.06666666666666667,0.9995060188363645,False
671,0.0009525952650619729,0.06666666666666667,0.9995060188363645,False
672,0.0008948278946263599,0.07142857142857142,0.9995060188363645,False
673,0.0008944503301790974,0.07142857142857142,0.9995060188363645,False
674,0.001053782554663485,0.06666666666666667,0.9995060188363645,False
675,0.0011583679247451073,0.05555555555555555,0.9995060188363645,False
676,0.0009223901038240001,0.07142857142857142,0.9995060188363645,False
677,0.0009212574104822124,0.07142857142857142,0.9995060188363645,False
678,0.0009348497333121486,0.06666666666666667,0.9995060188363645,False
679,0.001233880827385292,0.0625,0.9995060188363645,False
680,0.000847632330533088,0.07142857142857142,0.9995060188363645,False
681,0.0008842560882840189,0.07142857142857142,0.9995060188363645,False
682,0.0009963927486751345,0.0625,0.9995060188363645,False
683,0.0008634900405013468,0.07142857142857142,0.9995060188363645,False
684,0.000975626700437715,0.0625,0.9995060188363645,False
685,0.0008989811044557428,0.07142857142857142,0.9995060188363645,False
686,0.000975626700437715,0.06666666666666667,0.9995060188363645,False
687,0.0008929400723900471,0.07142857142857142,0.9995060188363645,False
688,0.0011515717633301392,0.05555555555555555,0.9995060188363645,False
689,0.0009692081039247569,0.06666666666666667,0.9995060188363645,False
690,0.000996015184227872,0.07142857142857142,0.9995060188363645,False
691,0.001029618425945955,0.0625,0.9995060188363645,False
692,0.0009933722326422867,0.0625,0.9995060188363645,False
693,0.0008842560882840189,0.06666666666666667,0.9995060188363645,False
694,0.0009201247171404248,0.07142857142857142,0.9995060188363645,False
695,0.0008785926206655859,0.07142857142857142,0.9995060188363645,False
696,0.0009809126036088855,0.0625,0.9995060188363645,False
697,0.0008948278946263599,0.07142857142857142,0.9995060188363645,False
698,0.0008604695240137517,0.07142857142857142,0.9995060188363645,False
699,0.0012032981012453092,0.05,0.9995060188363645,False
700,0.0008884092981134017,0.07142857142857142,0.9995060188363645,False
701,0.001022067135636462,0.0625,0.9995060188363645,False
702,0.0009152163784165168,0.07142857142857142,0.9995060188363645,False
703,0.0010458536999067292,0.0625,0.9995060188363645,False
704,0.0009080426530090335,0.07142857142857142,0.9995060188363645,False
705,0.0008498977176714106,0.07142857142857142,0.9995060188363645,False
706,0.0010318838130842778,0.06666666666666667,0.9995060188363645,False
707,0.0008691535076650325,0.07142857142857142,0.9995060188363645,False
708,0.0008631124755993369,0.07142857142857142,0.9995060188363645,False
709,0.000879347749560111,0.07142857142857142,0.9995060188363645,False
710,0.0008627349111520743,0.07142857142857142,0.9995060188363645,False
711,0.0008446118145002401,0.07142857142857142,0.9995060188363645,False
712,0.0008812355727059185,0.07142857142857142,0.9995060188363645,False
713,0.0009148388139692543,0.06666666666666667,0.9995060188363645,False
714,0.0008019470246836136,0.07142857142857142,0.9995060188363645,False
715,0.00084272399180918,0.07142857142857142,0.9995060188363645,False
716,0.0008808580078039085,0.07142857142857142,0.9995060188363645,False
717,0.0011613884403232078,0.05263157894736842,0.9995060188363645,False
718,0.000889919555902452,0.07142857142857142,0.9995060188363645,False
719,0.000959391426476941,0.0625,0.9995060188363645,False
720,0.0009518401361674478,0.06666666666666667,0.9995060188363645,False
721,0.000858204136875429,0.07142857142857142,0.9995060188363645,False
722,0.0008389483468818071,0.07142857142857142,0.9995060188363645,False
723,0.000865000298290397,0.07142857142857142,0.9995060188363645,False
724,0.0011579903598430974,0.05263157894736842,0.9995060188363645,False
725,0.0008835009593894938,0.07142857142857142,0.9995060188363645,False
726,0.0009824228618526831,0.0625,0.9995060188363645,False
727,0.000996770313122397,0.0625,0.9995060188363645,False
728,0.0011832871823571622,0.05555555555555555,0.9995060188363645,False
729,0.0008653778627376596,0.07142857142857142,0.9995060188363645,False
730,0.0010888960541706183,0.05555555555555555,0.9995060188363645,False
731,0.0009367375560032087,0.06666666666666667,0.9995060188363645,False
732,0.0008982259755612176,0.07142857142857142,0.9995060188363645,False
733,0.0008378156535400194,0.07142857142857142,0.9995060188363645,False
734,0.001043965877215669,0.0625,0.9995060188363645,False
735,0.0009767593937795027,0.0625,0.9995060188363645,False
736,0.0008042124118219363,0.07142857142857142,0.9995060188363645,False
737,0.000980535039161623,0.0625,0.9995060188363645,False
738,0.000891052249698987,0.07142857142857142,0.9995060188363645,False
739,0.0013248738746369781,0.05555555555555555,0.9995060188363645,False
740,0.0008094983149931068,0.07142857142857142,0.9995060188363645,False
741,0.0009507074423709128,0.07142857142857142,0.9995060188363645,False
742,0.0008872766047716141,0.07142857142857142,0.9995060188363645,False
743,0.0009990357002607198,0.0625,0.9995060188363645,False
744,0.0008767047979745257,0.07142857142857142,0.9995060188363645,False
745,0.0009356048622066737,0.06666666666666667,0.9995060188363645,False
746,0.0009235227976205351,0.07142857142857142,0.9995060188363645,False
747,0.0009556157815495681,0.06666666666666667,0.9995060188363645,False
748,0.0010477415225977893,0.0625,0.9995060188363645,False
749,0.0009529728299639828,0.06666666666666667,0.9995060188363645,False
750,0.0008993586689030053,0.07142857142857142,0.9995060188363645,False
751,0.001027730603254895,0.0625,0.9995060188363645,False
752,0.0010160261035707663,0.0625,0.9995060188363645,False
753,0.0008933176368373097,0.07142857142857142,0.9995060188363645,False
754,0.0011258973763688118,0.058823529411764705,0.9995060188363645,False
755,0.0008940727657318348,0.07142857142857142,0.9995060188363645,False
756,0.0009408907649230969,0.07142857142857142,0.9995060188363645,False
757,0.0009529728295092355,0.06666666666666667,0.9995060188363645,False
758,0.0008940727657318348,0.07142857142857142,0.9995060188363645,False
759,0.0010458536999067292,0.0625,0.9995060188363645,False
760,0.0009076650881070236,0.07142857142857142,0.9995060188363645,False
761,0.0008529182341590058,0.07142857142857142,0.9995060188363645,False
762,0.0010069645550174755,0.07142857142857142,0.9995060188363645,False
763,0.000928808701246453,0.07142857142857142,0.9995060188363645,False
764,0.0008823682655929588,0.07142857142857142,0.9995060188363645,False
765,0.0008918073785935121,0.07142857142857142,0.9995060188363645,False
766,0.000891052249698987,0.07142857142857142,0.9995060188363645,False
767,0.0009488196201346,0.06666666666666667,0.9995060188363645,False
768,0.0008895419919099368,0.07142857142857142,0.9995060188363645,False
769,0.0014683483891531068,0.07142857142857142,0.9995060188363645,False
770,0.001013383151985181,0.0625,0.9995060188363645,False
771,0.0010062094261229504,0.0625,0.9995060188363645,False
772,0.001027730603254895,0.0625,0.9995060188363645,False
773,0.000991106845503964,0.0625,0.9995060188363645,False
774,0.0008506528465659358,0.07142857142857142,0.9995060188363645,False
775,0.0008729291530471528,0.07142857142857142,0.9995060188363645,False
776,0.0008540509275007935,0.07142857142857142,0.9995060188363645,False
777,0.0007928854761303228,0.07142857142857142,0.9995060188363645,False
778,0.0008676432498759823,0.07142857142857142,0.9995060188363645,False
779,0.0009197471526931622,0.06666666666666667,0.9995060188363645,False
780,0.000858204136875429,0.07142857142857142,0.9995060188363645,False
781,0.0009216349753842223,0.07142857142857142,0.9995060188363645,False
782,0.0009922395388457517,0.0625,0.9995060188363645,False
783,0.0009378702493449964,0.06666666666666667,0.9995060188363645,False
784,0.0008819907011456962,0.07142857142857142,0.9995060188363645,False
785,0.0008819907011456962,0.07142857142857142,0.9995060188363645,False
786,0.0009416458947271167,0.07142857142857142,0.9995060188363645,False
787,0.0011311832795399823,0.05555555555555555,0.9995060188363645,False
788,0.0009076650881070236,0.07142857142857142,0.9995060188363645,False
789,0.0009431561520614196,0.07142857142857142,0.9995060188363645,False
790,0.0010888960541706183,0.05555555555555555,0.9995060188363645,False
791,0.0008918073790482595,0.07142857142857142,0.9995060188363645,False
792,0.00105264986086695,0.0625,0.9995060188363645,False
793,0.0008952054595283698,0.07142857142857142,0.9995060188363645,False
794,0.0008967157173174201,0.07142857142857142,0.9995060188363645,False
795,0.0009495747490291251,0.06666666666666667,0.9995060188363645,False
796,0.0008887868625606643,0.07142857142857142,0.9995060188363645,False
797,0.0008868990403243515,0.07142857142857142,0.9995060188363645,False
798,0.0008797253144621209,0.07142857142857142,0.9995060188363645,False
799,0.0009393805071340466,0.06666666666666667,0.9995060188363645,False
800,0.0008374380886380095,0.07142857142857142,0.9995060188363645,False
801,0.0009001137977975304,0.07142857142857142,0.9995060188363645,False
802,0.0010326389415240556,0.0625,0.9995060188363645,False
803,0.0010145158453269687,0.07142857142857142,0.9995060188363645,False
804,0.0011583679247451073,0.07142857142857142,0.9995060188363645,False
805,0.0014339900185404986,0.06666666666666667,0.9995060188363645,False
806,0.0008823682655929588,0.07142857142857142,0.9995060188363645,False
807,0.001074548602446157,0.058823529411764705,0.9995060188363645,False
808,0.0008952054595283698,0.07142857142857142,0.9995060188363645,False
809,0.0008925625079427846,0.07142857142857142,0.9995060188363645,False
810,0.0016688351452103234,0.07142857142857142,0.9995060188363645,False
811,0.0009284311363444431,0.06666666666666667,0.9995060188363645,False
812,0.0011425102147768484,0.05555555555555555,0.9995060188363645,False
813,0.0008616022173555393,0.07142857142857142,0.9995060188363645,False
814,0.0010164036680180288,0.0625,0.9995060188363645,False
815,0.0011213666020921664,0.058823529411764705,0.9995060188363645,False
816,0.0008963381528701575,0.07142857142857142,0.9995060188363645,False
817,0.0009246554914170702,0.06666666666666667,0.9995060188363645,False
818,0.00113231597288177,0.058823529411764705,0.9995060188363645,False
819,0.0009843106845437433,0.0625,0.9995060188363645,False
820,0.0009072875236597611,0.07142857142857142,0.9995060188363645,False
821,0.0008887868625606643,0.07142857142857142,0.9995060188363645,False
822,0.0011983897625214013,0.05263157894736842,0.9995060188363645,False
823,0.0008993586689030053,0.07142857142857142,0.9995060188363645,False
824,0.000959391426476941,0.06666666666666667,0.9995060188363645,False
825,0.0008993586689030053,0.07142857142857142,0.9995060188363645,False
826,0.001202920537252794,0.05555555555555555,0.9995060188363645,False
827,0.0009095529107980838,0.07142857142857142,0.9995060188363645,False
828,0.0010096075066030608,0.0625,0.9995060188363645,False
829,0.000901624056041328,0.07142857142857142,0.9995060188363645,False
830,0.0008835009593894938,0.07142857142857142,0.9995060188363645,False
831,0.0009125734268309316,0.07142857142857142,0.9995060188363645,False
832,0.0008808580078039085,0.07142857142857142,0.9995060188363645,False
833,0.0008548060563953186,0.07142857142857142,0.9995060188363645,False
834,0.0008415912984673923,0.07142857142857142,0.9995060188363645,False
835,0.0008887868625606643,0.07142857142857142,0.9995060188363645,False
836,0.0008574490079809038,0.07142857142857142,0.9995060188363645,False
837,0.0009480644912400749,0.0625,0.9995060188363645,False
838,0.0009038894431796507,0.07142857142857142,0.9995060188363645,False
839,0.0009639222007535864,0.0625,0.9995060188363645,False
840,0.0008321521859215864,0.07142857142857142,0.9995060188363645,False
841,0.0008427239922639274,0.07142857142857142,0.9995060188363645,False
842,0.0008812355722511711,0.07142857142857142,0.9995060188363645,False
843,0.0012516263591351162,0.0625,0.9995060188363645,False
844,0.0008555611852898437,0.07142857142857142,0.9995060188363645,False
845,0.0008555611852898437,0.07142857142857142,0.9995060188363645,False
846,0.000943911281410692,0.06666666666666667,0.9995060188363645,False
847,0.0011987673274234112,0.05555555555555555,0.9995060188363645,False
848,0.000900491362244793,0.07142857142857142,0.9995060188363645,False
849,0.0009001137977975304,0.07142857142857142,0.9995060188363645,False
850,0.001011117764392111,0.07142857142857142,0.9995060188363645,False
851,0.0009205022815876873,0.07142857142857142,0.9995060188363645,False
852,0.000901624056041328,0.07142857142857142,0.9995060188363645,False
853,0.0009533503944112454,0.06666666666666667,0.9995060188363645,False
854,0.0008955830239756324,0.07142857142857142,0.9995060188363645,False
855,0.0009306965234827658,0.07142857142857142,0.9995060188363645,False
856,0.0009159715077657893,0.07142857142857142,0.9995060188363645,False
857,0.0009744940070959274,0.06666666666666667,0.9995060188363645,False
858,0.0008948278946263599,0.07142857142857142,0.9995060188363645,False
859,0.000895583023520885,0.07142857142857142,0.9995060188363645,False
860,0.0008952054590736225,0.07142857142857142,0.9995060188363645,False
861,0.0009975254420169222,0.0625,0.9995060188363645,False
862,0.0008079880572040565,0.07142857142857142,0.9995060188363645,False
863,0.000980157474259613,0.0625,0.9995060188363645,False
864,0.0009801574747143604,0.0625,0.9995060188363645,False
865,0.0009941273615368118,0.07142857142857142,0.9995060188363645,False
866,0.0008846336531860288,0.07142857142857142,0.9995060188363645,False
867,0.0009069099592124985,0.06666666666666667,0.9995060188363645,False
868,0.0008653778627376596,0.07142857142857142,0.9995060188363645,False
869,0.0010349043286623782,0.058823529411764705,0.9995060188363645,False
870,0.0008842560887387663,0.07142857142857142,0.9995060188363645,False
871,0.0008672656854287197,0.07142857142857142,0.9995060188363645,False
872,0.000901624056041328,0.07142857142857142,0.9995060188363645,False
873,0.0008838785238367564,0.07142857142857142,0.9995060188363645,False
874,0.0008944503301790974,0.07142857142857142,0.9995060188363645,False
875,0.0008631124755993369,0.07142857142857142,0.9995060188363645,False
876,0.0008959605884228949,0.07142857142857142,0.9995060188363645,False
877,0.0008733067179491627,0.07142857142857142,0.9995060188363645,False
878,0.0008876541687641293,0.07142857142857142,0.9995060188363645,False
879,0.0008857663465278165,0.07142857142857142,0.9995060188363645,False
880,0.000895583023520885,0.07142857142857142,0.9995060188363645,False
881,0.0008865214754223416,0.07142857142857142,0.9995060188363645,False
882,0.0008600919595664891,0.07142857142857142,0.9995060188363645,False
883,0.0008631124755993369,0.07142857142857142,0.9995060188363645,False
884,0.000858204136875429,0.07142857142857142,0.9995060188363645,False
885,0.0009665651523391716,0.0625,0.9995060188363645,False
886,0.0008623573467048118,0.07142857142857142,0.9995060188363645,False
887,0.0009797799102670979,0.0625,0.9995060188363645,False
888,0.0008627349111520743,0.07142857142857142,0.9995060188363645,False
889,0.0009397580720360565,0.06666666666666667,0.9995060188363645,False
890,0.000865000298290397,0.07142857142857142,0.9995060188363645,False
891,0.0008657554271849222,0.07142857142857142,0.9995060188363645,False
892,0.0009242779269698076,0.06666666666666667,0.9995060188363645,False
893,0.0008540509275007935,0.07142857142857142,0.9995060188363645,False
894,0.0008842560887387663,0.07142857142857142,0.9995060188363645,False
895,0.000979402345365088,0.0625,0.9995060188363645,False
896,0.0008076104923020466,0.07142857142857142,0.9995060188363645,False
897,0.0008619797818028019,0.07142857142857142,0.9995060188363645,False
898,0.0009235227980752825,0.06666666666666667,0.9995060188363645,False
899,0.0009254106203115953,0.06666666666666667,0.9995060188363645,False
900,0.0009356048617519264,0.06666666666666667,0.9995060188363645,False
901,0.0008751945401854755,0.07142857142857142,0.9995060188363645,False
902,0.0009684529745754844,0.0625,0.9995060188363645,False
903,0.0009216349753842223,0.06666666666666667,0.9995060188363645,False
904,0.0012078288755219546,0.05,0.9995060188363645,False
905,0.0008638676049486094,0.07142857142857142,0.9995060188363645,False
906,0.0009189920237986371,0.0625,0.9995060188363645,False
907,0.0009363599915559462,0.06666666666666667,0.9995060188363645,False
908,0.0010892736186178809,0.05555555555555555,0.9995060188363645,False
909,0.000976004265339725,0.0625,0.9995060188363645,False
910,0.0008827458304949687,0.07142857142857142,0.9995060188363645,False
911,0.0008053451051637239,0.07142857142857142,0.9995060188363645,False
912,0.000880480443356646,0.07142857142857142,0.9995060188363645,False
913,0.000865000298290397,0.07142857142857142,0.9995060188363645,False
914,0.000807610492756794,0.07142857142857142,0.9995060188363645,False
915,0.0008672656854287197,0.07142857142857142,0.9995060188363645,False
916,0.0009941273615368118,0.0625,0.9995060188363645,False
917,0.0008653778627376596,0.07142857142857142,0.9995060188363645,False
918,0.0008831233949422312,0.07142857142857142,0.9995060188363645,False
919,0.000916726636205567,0.06666666666666667,0.9995060188363645,False
920,0.0008419688629146549,0.07142857142857142,0.9995060188363645,False
921,0.0008521631048097333,0.07142857142857142,0.9995060188363645,False
922,0.0008906746852517244,0.07142857142857142,0.9995060188363645,False
923,0.0008030797184801486,0.07142857142857142,0.9995060188363645,False
924,0.0008480098954350979,0.07142857142857142,0.9995060188363645,False
925,0.0010352818935643882,0.07142857142857142,0.9995060188363645,False
926,0.0008604695240137517,0.07142857142857142,0.9995060188363645,False
927,0.0008906746847969771,0.07142857142857142,0.9995060188363645,False
928,0.000869908637014305,0.07142857142857142,0.9995060188363645,False
929,0.001233503262483282,0.07142857142857142,0.9995060188363645,False
930,0.0010579357640381204,0.058823529411764705,0.9995060188363645,False
931,0.0008740618463889405,0.07142857142857142,0.9995060188363645,False
932,0.0015468818078261393,0.05555555555555555,0.9995060188363645,False
933,0.0009053997014234483,0.07142857142857142,0.9995060188363645,False
934,0.0010118728937413835,0.0625,0.9995060188363645,False
935,0.0008959605884228949,0.07142857142857142,0.9995060188363645,False
936,0.0010213120067419368,0.06666666666666667,0.9995060188363645,False
937,0.000889919555902452,0.07142857142857142,0.9995060188363645,False
938,0.0010080972483592632,0.0625,0.9995060188363645,False
939,0.0008887868625606643,0.07142857142857142,0.9995060188363645,False
940,0.0009676978456809593,0.07142857142857142,0.9995060188363645,False
941,0.001126652505263337,0.05555555555555555,0.9995060188363645,False
942,0.0008906746852517244,0.07142857142857142,0.9995060188363645,False
943,0.0009031343142851256,0.07142857142857142,0.9995060188363645,False
944,0.0011447756023699185,0.0625,0.9995060188363645,False
945,0.0009103080396926089,0.07142857142857142,0.9995060188363645,False
946,0.000901624056041328,0.07142857142857142,0.9995060188363645,False
947,0.0009008689271468029,0.07142857142857142,0.9995060188363645,False
948,0.0010175363613598165,0.0625,0.9995060188363645,False
949,0.000995637619325862,0.06666666666666667,0.9995060188363645,False
950,0.0008982259751064703,0.07142857142857142,0.9995060188363645,False
951,0.0009099304752453463,0.07142857142857142,0.9995060188363645,False
952,0.001017158796912554,0.06666666666666667,0.9995060188363645,False
953,0.0009412683298251068,0.07142857142857142,0.9995060188363645,False
954,0.0009348497333121486,0.07142857142857142,0.9995060188363645,False
955,0.0009356048622066737,0.07142857142857142,0.9995060188363645,False
956,0.0008797253144621209,0.07142857142857142,0.9995060188363645,False
957,0.0008797253144621209,0.07142857142857142,0.9995060188363645,False
958,0.0008842560882840189,0.07142857142857142,0.9995060188363645,False
959,0.000879347749560111,0.07142857142857142,0.9995060188363645,False
960,0.0008838785238367564,0.07142857142857142,0.9995060188363645,False
961,0.000881613137153181,0.07142857142857142,0.9995060188363645,False
962,0.0008880317336661392,0.07142857142857142,0.9995060188363645,False
963,0.0008797253144621209,0.07142857142857142,0.9995060188363645,False
964,0.0009982805713661946,0.0625,0.9995060188363645,False
965,0.0009986581353587098,0.0625,0.9995060188363645,False
966,0.0008974708462119452,0.07142857142857142,0.9995060188363645,False
967,0.0008993586689030053,0.07142857142857142,0.9995060188363645,False
968,0.0009835555551944708,0.0625,0.9995060188363645,False
969,0.000827621411644941,0.07142857142857142,0.9995060188363645,False
970,0.0009046445720741758,0.07142857142857142,0.9995060188363645,False
971,0.0009038894431796507,0.07142857142857142,0.9995060188363645,False
972,0.001032261377076793,0.0625,0.9995060188363645,False
973,0.000891052249698987,0.07142857142857142,0.9995060188363645,False
974,0.0008891644274626742,0.07142857142857142,0.9995060188363645,False
975,0.000949952313931135,0.07142857142857142,0.9995060188363645,False
976,0.0009057772658707108,0.07142857142857142,0.9995060188363645,False
977,0.0010658646187948762,0.07142857142857142,0.9995060188363645,False
978,0.0008993586689030053,0.07142857142857142,0.9995060188363645,False
979,0.0008393259113290696,0.07142857142857142,0.9995060188363645,False
980,0.0011300505861981947,0.05555555555555555,0.9995060188363645,False
981,0.0008374380886380095,0.07142857142857142,0.9995060188363645,False
982,0.0008959605884228949,0.07142857142857142,0.9995060188363645,False
983,0.0009367375560032087,0.07142857142857142,0.9995060188363645,False
984,0.0008948278950811073,0.07142857142857142,0.9995060188363645,False
985,0.0010114953288393735,0.0625,0.9995060188363645,False
986,0.0008397034757763322,0.07142857142857142,0.9995060188363645,False
987,0.0008767047979745257,0.07142857142857142,0.9995060188363645,False
988,0.0009001137977975304,0.07142857142857142,0.9995060188363645,False
989,0.0008808580078039085,0.07142857142857142,0.9995060188363645,False
990,0.0008952054595283698,0.07142857142857142,0.9995060188363645,False
991,0.001013383151985181,0.0625,0.9995060188363645,False
992,0.001016781232010544,0.0625,0.9995060188363645,False
993,0.0008963381528701575,0.07142857142857142,0.9995060188363645,False
994,0.0008963381528701575,0.07142857142857142,0.9995060188363645,False
995,0.001011872893286636,0.0625,0.9995060188363645,False
996,0.0008385707824345445,0.07142857142857142,0.9995060188363645,False
997,0.0009963927486751345,0.0625,0.9995060188363645,False
998,0.0008801028789093834,0.07142857142857142,0.9995060188363645,False
999,0.0008989811044557428,0.07142857142857142,0.9995060188363645,False
1000,0.0010152709742214938,0.0625,0.9995060188363645,False
