episode,length,time,reward,delta
0,500.0,0.03604910453032062,0.0,-3.7096909345033706e-05
1,500.0,0.032270438888645,0.0,0.0002935611778101536
2,292.0,0.018825744160949398,1.0,0.9998032236802246
3,435.0,0.02746366507926723,1.0,0.09998032236802246
4,189.0,0.011788319211063936,1.0,1.0003616662189694
5,154.0,0.009739276601521851,1.0,0.10003616662189707
6,279.0,0.018358696858740586,1.0,0.01000361666218974
7,132.0,0.008310572485697776,1.0,0.00999803223680229
8,203.0,0.013235146423085098,1.0,0.001000361666218974
9,252.0,0.017390243884165102,1.0,0.0001000361666219085
10,285.0,0.018683024774873047,1.0,0.0009998032236802068
11,160.0,0.010346777902213944,1.0,1.0003616662146442e-05
12,154.0,0.009972611470402626,1.0,1.0003616661702353e-06
13,140.0,0.010387177305346995,1.0,9.998032236802068e-05
14,87.0,0.005644589462917793,1.0,9.998032236779864e-06
15,179.0,0.011683356276989798,1.0,9.998032237668042e-07
16,176.0,0.011302393683308765,1.0,9.998032246549826e-08
17,125.0,0.00799039777893995,1.0,1.0003616668363691e-07
18,216.0,0.013707857192912343,1.0,9.998032179936445e-09
19,222.0,0.014780895538024197,1.0,1.000361660175031e-08
20,89.0,0.006053869394236244,1.0,1.000361571357189e-09
21,110.0,0.006923400466803287,1.0,1.0003620154463988e-10
22,122.0,0.007852586732042255,1.0,9.998031291758025e-10
23,122.0,0.007488236977678753,1.0,1.000355354108251e-11
24,76.0,0.004747873745600373,1.0,9.998024630419877e-11
25,129.0,0.008578643290093169,1.0,1.000310945187266e-12
26,111.0,0.007498431219573831,1.0,9.992007221626409e-14
27,101.0,0.006378197310823452,1.0,9.998002425959385e-12
28,75.0,0.00498158617892841,1.0,9.99866855977416e-13
29,43.0,0.0028392851345415693,1.0,9.992007221626409e-15
30,64.0,0.004182659670277644,1.0,9.992007221626409e-14
31,56.0,0.003594791724026436,1.0,9.992007221626409e-15
32,117.0,0.007661161524538329,1.0,8.881784197001252e-16
33,56.0,0.003630660352882842,1.0,8.881784197001252e-16
34,64.0,0.004228722540574381,1.0,0.0
35,53.0,0.0034758589026750997,1.0,0.0
36,78.0,0.005049547790804354,1.0,0.0
37,56.0,0.003661243078568077,1.0,0.0
38,51.0,0.003368630581007892,1.0,0.0
39,59.0,0.0038386983992495516,1.0,0.0
40,61.0,0.004011245381661865,1.0,0.0
41,38.0,0.002541386734264961,1.0,0.0
42,53.0,0.003423377435410657,1.0,0.0
43,72.0,0.004707096778020059,1.0,0.0
44,51.0,0.00347963454805722,1.0,0.0
45,66.0,0.004254019363088446,1.0,0.0
46,42.0,0.0027426286192167026,1.0,0.0
47,56.0,0.0036457629335018282,1.0,0.0
48,39.0,0.00261048103993744,1.0,0.0
49,51.0,0.003368630581007892,1.0,0.0
50,40.0,0.002616522072457883,1.0,0.0
51,48.0,0.0031228360830937163,1.0,0.0
52,50.0,0.0032092983565235045,1.0,0.0
53,44.0,0.0028377748762977717,1.0,0.0
54,42.0,0.002693167667985108,1.0,0.0
55,39.0,0.002541386734264961,1.0,0.0
56,44.0,0.003277259968854196,1.0,0.0
57,36.0,0.0023378794617201493,1.0,0.0
58,51.0,0.0032908522912293847,1.0,0.0
59,41.0,0.002704494603221974,1.0,0.0
60,42.0,0.002803794070132426,1.0,0.0
61,37.0,0.0024643635733809788,1.0,0.0
62,40.0,0.002691279845748795,1.0,0.0
63,33.0,0.002227630624020094,1.0,0.0
64,38.0,0.002494191170171689,1.0,0.0
65,43.0,0.0028566531022988784,1.0,0.0
66,39.0,0.002538366217777366,1.0,0.0
67,33.0,0.0026882593297159474,1.0,0.0
68,41.0,0.0036344359978102148,1.0,0.0
69,40.0,0.0030235366166380118,1.0,0.0
70,40.0,0.0026886368937084626,1.0,0.0
71,36.0,0.0024009327353269327,1.0,0.0
72,52.0,0.0034301735968256253,1.0,0.0
73,35.0,0.002354869865030196,1.0,0.0
74,44.0,0.0028804396661143983,1.0,0.0
75,35.0,0.0023601557682013663,1.0,0.0
76,37.0,0.002361666026445164,1.0,0.0
77,35.0,0.0022242325435399835,1.0,0.0
78,45.0,0.00279435495758662,1.0,0.0
79,31.0,0.0019648457237053663,1.0,0.0
80,31.0,0.0019433245461186743,1.0,0.0
81,36.0,0.0022008235437169787,1.0,0.0
82,34.0,0.002147586947558011,1.0,0.0
83,38.0,0.002397912219294085,1.0,0.0
84,35.0,0.002225742801783781,1.0,0.0
85,36.0,0.00229106146207414,1.0,0.0
86,45.0,0.002904603794831928,1.0,0.0
87,38.0,0.003080926422626362,1.0,0.0
88,35.0,0.0022801120912845363,1.0,0.0
89,34.0,0.002183833140406932,1.0,0.0
90,33.0,0.0020769823836417345,1.0,0.0
91,36.0,0.0023193788010758,1.0,0.0
92,45.0,0.002933676262273366,1.0,0.0
93,36.0,0.002284265301113919,1.0,0.0
94,37.0,0.0022903063331796147,1.0,0.0
95,34.0,0.0021343721891753376,1.0,0.0
96,36.0,0.0023461858809241676,1.0,0.0
97,37.0,0.0023431653648913198,1.0,0.0
98,41.0,0.002508916186343413,1.0,0.0
99,36.0,0.0022483966722575133,1.0,0.0
100,35.0,0.002302388397311006,1.0,0.0
101,42.0,0.0035570352729337174,1.0,0.0
102,46.0,0.0036971117069697357,1.0,0.0
103,41.0,0.0025927355077328684,1.0,0.0
104,35.0,0.0023495839618590253,1.0,0.0
105,40.0,0.00260670539455532,1.0,0.0
106,50.0,0.003198726550635911,1.0,0.0
107,40.0,0.0026497477492739563,1.0,0.0
108,42.0,0.0028676024726337346,1.0,0.0
109,35.0,0.0023533596067863982,1.0,0.0
110,37.0,0.0024798437184472277,1.0,0.0
111,36.0,0.0023310833007599285,1.0,0.0
112,42.0,0.0027603741514212743,1.0,0.0
113,39.0,0.002655033652445127,1.0,0.0
114,42.0,0.002760751715868537,1.0,0.0
115,35.0,0.002272560800975043,1.0,0.0
116,37.0,0.002482864234934823,1.0,0.0
117,40.0,0.0026750445713332738,1.0,0.0
118,32.0,0.0021634446570715227,1.0,0.0
119,35.0,0.002360155767746619,1.0,0.0
120,37.0,0.0024318930254594306,1.0,0.0
121,42.0,0.0028928992951477994,1.0,0.0
122,32.0,0.002121534996149421,1.0,0.0
123,38.0,0.0025610200887058454,1.0,0.0
124,33.0,0.0021626895281769976,1.0,0.0
125,30.0,0.0019795707389675954,1.0,0.0
126,33.0,0.002150229898688849,1.0,0.0
127,32.0,0.0020924625287079834,1.0,0.0
128,38.0,0.002563285475844168,1.0,0.0
129,36.0,0.0026021746207334218,1.0,0.0
130,37.0,0.0024413321380052366,1.0,0.0
131,47.0,0.002985025036650768,1.0,0.0
132,52.0,0.003409785112580721,1.0,0.0
133,35.0,0.002269917849389458,1.0,0.0
134,39.0,0.0025058956698558177,1.0,0.0
135,34.0,0.0023926263161229144,1.0,0.0
136,43.0,0.002681840732748242,1.0,0.0
137,36.0,0.0023352365105893114,1.0,0.0
138,31.0,0.0019701316264217894,1.0,0.0
139,35.0,0.0021777921083412366,1.0,0.0
140,34.0,0.0023201339295155776,1.0,0.0
141,32.0,0.002046777222858509,1.0,0.0
142,39.0,0.002553846363298362,1.0,0.0
143,31.0,0.002002602174798085,1.0,0.0
144,32.0,0.002063767625259061,1.0,0.0
145,32.0,0.0020754721258526843,1.0,0.0
146,35.0,0.002226497930678306,1.0,0.0
147,38.0,0.0024587001057625457,1.0,0.0
148,36.0,0.002448883428769477,1.0,0.0
149,36.0,0.0023299506069633935,1.0,0.0
150,35.0,0.00234694101027344,1.0,0.0
151,32.0,0.0021740164634138637,1.0,0.0
152,35.0,0.0023341038167927763,1.0,0.0
153,48.0,0.0031024475997583068,1.0,0.0
154,33.0,0.002161934398827725,1.0,0.0
155,39.0,0.0024847520571711357,1.0,0.0
156,31.0,0.0020384708031997434,1.0,0.0
157,34.0,0.002220079334165348,1.0,0.0
158,34.0,0.002255570398119744,1.0,0.0
159,38.0,0.0024915482181313564,1.0,0.0
160,36.0,0.0022786018330407387,1.0,0.0
161,34.0,0.0021944049472040206,1.0,0.0
162,41.0,0.002669003539267578,1.0,0.0
163,33.0,0.0022098850922702695,1.0,0.0
164,41.0,0.002691279845748795,1.0,0.0
165,30.0,0.0019769277878367575,1.0,0.0
166,34.0,0.002225365236881771,1.0,0.0
167,39.0,0.0025742348466337717,1.0,0.0
168,37.0,0.0024481282994202047,1.0,0.0
169,37.0,0.0024050859447015682,1.0,0.0
170,31.0,0.0020460220935092366,1.0,0.0
171,36.0,0.0023846974613661587,1.0,0.0
172,30.0,0.001976550223389495,1.0,0.0
173,30.0,0.0019361508202564437,1.0,0.0
174,46.0,0.0029095121340105834,1.0,0.0
175,32.0,0.002334481381240039,1.0,0.0
176,33.0,0.0021634446570715227,1.0,0.0
177,34.0,0.002217058817677753,1.0,0.0
178,38.0,0.002526661718093237,1.0,0.0
179,36.0,0.0023008781395219557,1.0,0.0
180,36.0,0.00229483710745626,1.0,0.0
181,35.0,0.002386585284057219,1.0,0.0
182,38.0,0.0025179777344419563,1.0,0.0
183,37.0,0.0023896057996353193,1.0,0.0
184,35.0,0.0022740710587640933,1.0,0.0
185,31.0,0.002090952270918933,1.0,0.0
186,34.0,0.002338257026622159,1.0,0.0
187,33.0,0.0022166812532304903,1.0,0.0
188,42.0,0.002706759990815044,1.0,0.0
189,37.0,0.0025587547015675227,1.0,0.0
190,32.0,0.002089064448227873,1.0,0.0
191,30.0,0.0019750399651456974,1.0,0.0
192,36.0,0.0023824320746825833,1.0,0.0
193,33.0,0.002148719641354546,1.0,0.0
194,39.0,0.0025002322022373846,1.0,0.0
195,38.0,0.0025908476854965556,1.0,0.0
196,35.0,0.0022752037530153757,1.0,0.0
197,34.0,0.002218946640368813,1.0,0.0
198,38.0,0.002518355298889219,1.0,0.0
199,36.0,0.002618409894694196,1.0,0.0
200,42.0,0.002739608103183855,1.0,0.0
201,35.0,0.0022714281076332554,1.0,0.0
202,38.0,0.002450016122111265,1.0,0.0
203,32.0,0.0020917073998134583,1.0,0.0
204,31.0,0.001998826529870712,1.0,0.0
205,29.0,0.0018810264018611633,1.0,0.0
206,32.0,0.002045644529061974,1.0,0.0
207,31.0,0.001969754061974527,1.0,0.0
208,42.0,0.0026791977811626566,1.0,0.0
209,35.0,0.0023616660259904165,1.0,0.0
210,36.0,0.0024254744289464725,1.0,0.0
211,39.0,0.002512314266368776,1.0,0.0
212,34.0,0.0022117729145065823,1.0,0.0
213,32.0,0.002070563786674029,1.0,0.0
214,32.0,0.0021317292380444997,1.0,0.0
215,33.0,0.0021532504151764442,1.0,0.0
216,31.0,0.0020460220935092366,1.0,0.0
217,34.0,0.0022038440597498266,1.0,0.0
218,39.0,0.002513069395263301,1.0,0.0
219,31.0,0.0019739072713491623,1.0,0.0
220,34.0,0.0021845882697562047,1.0,0.0
221,31.0,0.0021181369152145635,1.0,0.0
222,36.0,0.0023137153330026194,1.0,0.0
223,29.0,0.0018659238207874296,1.0,0.0
224,35.0,0.0025765002337720944,1.0,0.0
225,35.0,0.002274826188113366,1.0,0.0
226,30.0,0.0019754175300477073,1.0,0.0
227,30.0,0.002044889400167449,1.0,0.0
228,32.0,0.002092462528253236,1.0,0.0
229,29.0,0.0020849112383984902,1.0,0.0
230,33.0,0.002174771592308389,1.0,0.0
231,30.0,0.001996561142277642,1.0,0.0
232,35.0,0.0022778467041462136,1.0,0.0
233,33.0,0.0022106402211647946,1.0,0.0
234,30.0,0.0019833463843497157,1.0,0.0
235,29.0,0.0019259565788161126,1.0,0.0
236,37.0,0.0024870174443094584,1.0,0.0
237,38.0,0.0025108040085797256,1.0,0.0
238,31.0,0.002045644529061974,1.0,0.0
239,31.0,0.002047532351753034,1.0,0.0
240,30.0,0.0022087523984737345,1.0,0.0
241,31.0,0.0020229906581334944,1.0,0.0
242,32.0,0.0020834009801546927,1.0,0.0
243,30.0,0.001918782852953882,1.0,0.0
244,32.0,0.0020056226908309327,1.0,0.0
245,35.0,0.002272560800975043,1.0,0.0
246,37.0,0.002351471784095338,1.0,0.0
247,31.0,0.002009398336213053,1.0,0.0
248,32.0,0.0020633900608117983,1.0,0.0
249,34.0,0.0022903063331796147,1.0,0.0
250,35.0,0.0028743986340487027,1.0,0.0
251,33.0,0.002189874172927375,1.0,0.0
252,33.0,0.0021653324793078355,1.0,0.0
253,31.0,0.0020633900612665457,1.0,0.0
254,32.0,0.002074716996503412,1.0,0.0
255,33.0,0.0028362646185087215,1.0,0.0
256,31.0,0.002046399657956499,1.0,0.0
257,31.0,0.002034695157817623,1.0,0.0
258,32.0,0.002089064448227873,1.0,0.0
259,32.0,0.002087176625536813,1.0,0.0
260,31.0,0.002071318915568554,1.0,0.0
261,31.0,0.0020452669646147115,1.0,0.0
262,36.0,0.0024232090413534024,1.0,0.0
263,36.0,0.0023635538486814767,1.0,0.0
264,38.0,0.0026486150559321686,1.0,0.0
265,37.0,0.0024232090418081498,1.0,0.0
266,32.0,0.0020943503513990436,1.0,0.0
267,35.0,0.00226727489825862,1.0,0.0
268,36.0,0.002327685219825071,1.0,0.0
269,36.0,0.0024828642344800755,1.0,0.0
270,32.0,0.0026486150559321686,1.0,0.0
271,29.0,0.001956916868493863,1.0,0.0
272,37.0,0.002454924460835173,1.0,0.0
273,30.0,0.001971641884665587,1.0,0.0
274,29.0,0.0019172725947100844,1.0,0.0
275,35.0,0.0022827550428701215,1.0,0.0
276,37.0,0.002387340412951744,1.0,0.0
277,31.0,0.002023745787482767,1.0,0.0
278,33.0,0.0022955922363507852,1.0,0.0
279,30.0,0.001987122029731836,1.0,0.0
280,35.0,0.002550070717916242,1.0,0.0
281,35.0,0.002306541607140389,1.0,0.0
282,37.0,0.0024001776064324076,1.0,0.0
283,38.0,0.002500609766684647,1.0,0.0
284,32.0,0.0023363692034763517,1.0,0.0
285,37.0,0.002389228235642804,1.0,0.0
286,33.0,0.0022578357848033193,1.0,0.0
287,39.0,0.002565928426975006,1.0,0.0
288,34.0,0.0022601011723963893,1.0,0.0
289,29.0,0.0019040578367821581,1.0,0.0
290,31.0,0.0020188374483041116,1.0,0.0
291,35.0,0.0023839423324716336,1.0,0.0
292,34.0,0.002196670333887596,1.0,0.0
293,35.0,0.0022585909141525917,1.0,0.0
294,35.0,0.0022676524627058825,1.0,0.0
295,34.0,0.002315980720140942,1.0,0.0
296,34.0,0.002287285817146767,1.0,0.0
297,34.0,0.0022657646400148224,1.0,0.0
298,32.0,0.002088686883325863,1.0,0.0
299,37.0,0.002840795392785367,1.0,0.0
300,31.0,0.002021480400344444,1.0,0.0
301,29.0,0.0019059456594732183,1.0,0.0
302,31.0,0.002035827851614158,1.0,0.0
303,30.0,0.0018927309010905446,1.0,0.0
304,30.0,0.0019644681588033563,1.0,0.0
305,33.0,0.0022132831722956325,1.0,0.0
306,31.0,0.002023745787482767,1.0,0.0
307,31.0,0.002152495286281919,1.0,0.0
308,32.0,0.002108320238221495,1.0,0.0
309,33.0,0.0022057318824408867,1.0,0.0
310,33.0,0.00215929144724214,1.0,0.0
311,34.0,0.0024934360408224165,1.0,0.0
312,34.0,0.0022597236079491267,1.0,0.0
313,32.0,0.0020981259963264165,1.0,0.0
314,35.0,0.0023473185742659552,1.0,0.0
315,31.0,0.002072451609365089,1.0,0.0
316,33.0,0.0021849658342034672,1.0,0.0
317,33.0,0.0021932722534074856,1.0,0.0
318,29.0,0.001984101513698988,1.0,0.0
319,33.0,0.0021857209630979924,1.0,0.0
320,33.0,0.002273693494771578,1.0,0.0
321,29.0,0.0019206706751901947,1.0,0.0
322,35.0,0.0023926263161229144,1.0,0.0
323,33.0,0.002189874172472628,1.0,0.0
324,36.0,0.00237110513899097,1.0,0.0
325,32.0,0.0020988811252209416,1.0,0.0
326,31.0,0.0020294092546464526,1.0,0.0
327,32.0,0.0020890644477731257,1.0,0.0
328,29.0,0.0019316200464345457,1.0,0.0
329,30.0,0.0019693764975272643,1.0,0.0
330,32.0,0.0021007689479120017,1.0,0.0
331,35.0,0.0022714281076332554,1.0,0.0
332,30.0,0.0019769277878367575,1.0,0.0
333,29.0,0.0019142520786772366,1.0,0.0
334,29.0,0.0018832917885447387,1.0,0.0
335,32.0,0.0021136061413926654,1.0,0.0
336,29.0,0.0019119866915389139,1.0,0.0
337,30.0,0.0019810809976661403,1.0,0.0
338,30.0,0.0019720194491128495,1.0,0.0
339,36.0,0.002317868542377255,1.0,0.0
340,31.0,0.0020694310933322413,1.0,0.0
341,32.0,0.0021019016412537894,1.0,0.0
342,35.0,0.0022850204300084442,1.0,0.0
343,29.0,0.0019123642559861764,1.0,0.0
344,29.0,0.001918405288051872,1.0,0.0
345,31.0,0.0020328073355813103,1.0,0.0
346,30.0,0.0020165720616205363,1.0,0.0
347,34.0,0.0022434883339883527,1.0,0.0
348,34.0,0.0022193242048160755,1.0,0.0
349,29.0,0.0018953738531308773,1.0,0.0
350,33.0,0.0022706729787387303,1.0,0.0
351,30.0,0.0020966157385373663,1.0,0.0
352,30.0,0.002052440690476942,1.0,0.0
353,32.0,0.0020864214961875405,1.0,0.0
354,31.0,0.0021596690116894024,1.0,0.0
355,31.0,0.0022325389627440018,1.0,0.0
356,32.0,0.0021479645120052737,1.0,0.0
357,33.0,0.0022136607371976424,1.0,0.0
358,31.0,0.002036205416516168,1.0,0.0
359,32.0,0.0021460766893142136,1.0,0.0
360,30.0,0.0021985581570334034,1.0,0.0
361,33.0,0.002150607463590859,1.0,0.0
362,32.0,0.0020901971415696607,1.0,0.0
363,29.0,0.001910098869302601,1.0,0.0
364,29.0,0.001924446320572315,1.0,0.0
365,32.0,0.0020875541899840755,1.0,0.0
366,33.0,0.0021460766893142136,1.0,0.0
367,29.0,0.0019274668366051628,1.0,0.0
368,36.0,0.002327685220279818,1.0,0.0
369,31.0,0.00203091951289025,1.0,0.0
370,32.0,0.002105299722188647,1.0,0.0
371,32.0,0.0021536279796237068,1.0,0.0
372,32.0,0.00218723122134179,1.0,0.0
373,32.0,0.002098503560773679,1.0,0.0
374,29.0,0.001956916868493863,1.0,0.0
375,31.0,0.0020335624644758354,1.0,0.0
376,30.0,0.001998448964968702,1.0,0.0
377,30.0,0.001976172658487485,1.0,0.0
378,30.0,0.001988632287520886,1.0,0.0
379,30.0,0.001966733545941679,1.0,0.0
380,38.0,0.0024870174443094584,1.0,0.0
381,33.0,0.002571214330600924,1.0,0.0
382,32.0,0.0020935952225045185,1.0,0.0
383,30.0,0.0022770915752516885,1.0,0.0
384,31.0,0.0031266117284758366,1.0,0.0
385,29.0,0.002419810960873292,1.0,0.0
386,31.0,0.0021154939640837256,1.0,0.0
387,29.0,0.001944457239460462,1.0,0.0
388,31.0,0.0020788702058780473,1.0,0.0
389,29.0,0.0019168950302628218,1.0,0.0
390,33.0,0.002152495286281919,1.0,0.0
391,35.0,0.0023129602041080943,1.0,0.0
392,31.0,0.002062634931917273,1.0,0.0
393,30.0,0.001980325868316868,1.0,0.0
394,32.0,0.0020856663672930154,1.0,0.0
395,30.0,0.00197541752959296,1.0,0.0
396,31.0,0.002033562464930583,1.0,0.0
397,31.0,0.002066033012852131,1.0,0.0
398,33.0,0.0021438113026306382,1.0,0.0
399,29.0,0.0019029251434403704,1.0,0.0
400,33.0,0.002139280528353993,1.0,0.0
401,32.0,0.002130596544702712,1.0,0.0
402,29.0,0.0019369059496057162,1.0,0.0
403,32.0,0.0020796253347725724,1.0,0.0
404,30.0,0.0020199701421006466,1.0,0.0
405,34.0,0.0021902517373746377,1.0,0.0
406,34.0,0.002393003880570177,1.0,0.0
407,37.0,0.0024001776064324076,1.0,0.0
408,30.0,0.0019788156105278176,1.0,0.0
409,29.0,0.0019233136272305273,1.0,0.0
410,30.0,0.001981458562113403,1.0,0.0
411,31.0,0.002025256045271817,1.0,0.0
412,32.0,0.0021060548510831723,1.0,0.0
413,29.0,0.0019523860942172178,1.0,0.0
414,33.0,0.002194782511651283,1.0,0.0
415,30.0,0.001998448964968702,1.0,0.0
416,31.0,0.00200146948100155,1.0,0.0
417,31.0,0.0021355048829718726,1.0,0.0
418,29.0,0.0018832917885447387,1.0,0.0
419,32.0,0.0020917073998134583,1.0,0.0
420,29.0,0.0019327527397763333,1.0,0.0
421,31.0,0.002047532351298287,1.0,0.0
422,34.0,0.0022416005112972925,1.0,0.0
423,29.0,0.001919537981848407,1.0,0.0
424,29.0,0.0019448348039077246,1.0,0.0
425,31.0,0.0020365829805086832,1.0,0.0
426,30.0,0.002120024738360371,1.0,0.0
427,32.0,0.0021683529957954306,1.0,0.0
428,31.0,0.0020418688836798538,1.0,0.0
429,33.0,0.002183078011512407,1.0,0.0
430,29.0,0.0019240687561250525,1.0,0.0
431,29.0,0.0019146296435792465,1.0,0.0
432,29.0,0.0018092891441483516,1.0,0.0
433,31.0,0.002102279205701052,1.0,0.0
434,31.0,0.002039981061443541,1.0,0.0
435,29.0,0.001924446320572315,1.0,0.0
436,30.0,0.001992030368455744,1.0,0.0
437,31.0,0.0020018470454488124,1.0,0.0
438,31.0,0.0020479099162002967,1.0,0.0
439,31.0,0.002154383108518232,1.0,0.0
440,29.0,0.001918782852953882,1.0,0.0
441,31.0,0.002040736190338066,1.0,0.0
442,31.0,0.002036960544955946,1.0,0.0
443,32.0,0.0025553566210874123,1.0,0.0
444,31.0,0.002082268286812905,1.0,0.0
445,32.0,0.0021725062056248134,1.0,0.0
446,29.0,0.0019327527397763333,1.0,0.0
447,35.0,0.002342787800444057,1.0,0.0
448,33.0,0.0021740164634138637,1.0,0.0
449,32.0,0.0021490972053470614,1.0,0.0
450,32.0,0.0020305419484429876,1.0,0.0
451,34.0,0.0030443026648754312,1.0,0.0
452,30.0,0.002389228235642804,1.0,0.0
453,31.0,0.0025274168469877623,1.0,0.0
454,30.0,0.001986366900837311,1.0,0.0
455,29.0,0.0019516309653226926,1.0,0.0
456,31.0,0.0020905747060169233,1.0,0.0
457,30.0,0.0020082656419617706,1.0,0.0
458,30.0,0.002039981061443541,1.0,0.0
459,31.0,0.0020384708036544907,1.0,0.0
460,31.0,0.002035827851614158,1.0,0.0
461,31.0,0.002039603496541531,1.0,0.0
462,29.0,0.0019225584978812549,1.0,0.0
463,32.0,0.0020603695447789505,1.0,0.0
464,31.0,0.002039981061443541,1.0,0.0
465,32.0,0.0021600465765914123,1.0,0.0
466,29.0,0.00192331362677578,1.0,0.0
467,31.0,0.002046399657956499,1.0,0.0
468,31.0,0.0021117183187016053,1.0,0.0
469,31.0,0.002052440690476942,1.0,0.0
470,29.0,0.001962202772119781,1.0,0.0
471,29.0,0.0019504982715261576,1.0,0.0
472,34.0,0.0022317838338494767,1.0,0.0
473,29.0,0.001995806013383117,1.0,0.0
474,32.0,0.002104167028392112,1.0,0.0
475,29.0,0.0019221809334339923,1.0,0.0
476,29.0,0.0019788156105278176,1.0,0.0
477,29.0,0.001948232884387835,1.0,0.0
478,33.0,0.0021540055440709693,1.0,0.0
479,30.0,0.0019799483038696053,1.0,0.0
480,31.0,0.0020437567068256612,1.0,0.0
481,29.0,0.0019259565788161126,1.0,0.0
482,32.0,0.0021011465123592643,1.0,0.0
483,30.0,0.0019788156100730703,1.0,0.0
484,30.0,0.001982968819902453,1.0,0.0
485,30.0,0.0019769277878367575,1.0,0.0
486,32.0,0.002101524076806527,1.0,0.0
487,35.0,0.002331460865207191,1.0,0.0
488,31.0,0.0020354502871668956,1.0,0.0
489,31.0,0.002032052206232038,1.0,0.0
490,30.0,0.0019769277878367575,1.0,0.0
491,31.0,0.0020875541899840755,1.0,0.0
492,31.0,0.0020354502871668956,1.0,0.0
493,29.0,0.001935018126914656,1.0,0.0
494,30.0,0.001976172658487485,1.0,0.0
495,33.0,0.002212150478953845,1.0,0.0
496,31.0,0.0020558387709570525,1.0,0.0
497,29.0,0.0019274668366051628,1.0,0.0
498,31.0,0.0020403586258908035,1.0,0.0
499,29.0,0.0019161399009135494,1.0,0.0
500,32.0,0.0021547606729654945,1.0,0.0
501,30.0,0.0019765502229347476,1.0,0.0
502,29.0,0.0019165174658155593,1.0,0.0
503,29.0,0.0019202931111976795,1.0,0.0
504,31.0,0.002073206738259614,1.0,0.0
505,35.0,0.002285397994455707,1.0,0.0
506,31.0,0.002810590231547394,1.0,0.0
507,29.0,0.001973529707356647,1.0,0.0
508,31.0,0.002008265642416518,1.0,0.0
509,30.0,0.0019459674977042596,1.0,0.0
510,34.0,0.0022298960111584165,1.0,0.0
511,30.0,0.0019478553203953197,1.0,0.0
512,29.0,0.0019520085297699552,1.0,0.0
513,30.0,0.0019516309653226926,1.0,0.0
514,32.0,0.0020800028996745823,1.0,0.0
515,30.0,0.0019474777554933098,1.0,0.0
516,30.0,0.001959182255632186,1.0,0.0
517,29.0,0.0018889552561631717,1.0,0.0
518,32.0,0.0022393351237042225,1.0,0.0
519,32.0,0.002089819577122398,1.0,0.0
520,31.0,0.0020599919807864353,1.0,0.0
521,32.0,0.002079247770780057,1.0,0.0
522,30.0,0.0020010919165542873,1.0,0.0
523,30.0,0.0020365829805086832,1.0,0.0
524,34.0,0.002375635912812868,1.0,0.0
525,29.0,0.0018957514175781398,1.0,0.0
526,31.0,0.001989764980862674,1.0,0.0
527,31.0,0.0020173271905150614,1.0,0.0
528,30.0,0.0019814585616586555,1.0,0.0
529,31.0,0.0020060002552781953,1.0,0.0
530,29.0,0.0019225584983360022,1.0,0.0
531,29.0,0.0019051905301239458,1.0,0.0
532,31.0,0.002025256045271817,1.0,0.0
533,30.0,0.0019486104492898448,1.0,0.0
534,35.0,0.0022955922363507852,1.0,0.0
535,29.0,0.0018855571756830614,1.0,0.0
536,31.0,0.002005245125928923,1.0,0.0
537,29.0,0.001892730901545292,1.0,0.0
538,31.0,0.002073584303161624,1.0,0.0
539,31.0,0.002004112432587135,1.0,0.0
540,32.0,0.002065655447950121,1.0,0.0
541,32.0,0.002066788141746656,1.0,0.0
542,30.0,0.0019346405624673935,1.0,0.0
543,30.0,0.001892730901545292,1.0,0.0
544,35.0,0.0023152255907916697,1.0,0.0
545,29.0,0.0019856117719427857,1.0,0.0
546,29.0,0.0018727199822023977,1.0,0.0
547,31.0,0.0020037348681398726,1.0,0.0
548,29.0,0.0019063232234657335,1.0,0.0
549,30.0,0.0019682438041854766,1.0,0.0
550,29.0,0.0018957514175781398,1.0,0.0
551,30.0,0.0019701316264217894,1.0,0.0
552,29.0,0.001829300063491246,1.0,0.0
553,33.0,0.0021030343350503244,1.0,0.0
554,29.0,0.0018104218379448866,1.0,0.0
555,30.0,0.0019180277236046095,1.0,0.0
556,31.0,0.0019735297069018998,1.0,0.0
557,31.0,0.0019516309653226926,1.0,0.0
558,29.0,0.0018848020467885362,1.0,0.0
559,31.0,0.0019950508844885917,1.0,0.0
560,29.0,0.0019418142878748768,1.0,0.0
561,32.0,0.002088686883325863,1.0,0.0
562,31.0,0.0020316746417847753,1.0,0.0
563,30.0,0.0019731521429093846,1.0,0.0
564,30.0,0.0019659784165924066,1.0,0.0
565,31.0,0.0020256336097190797,1.0,0.0
566,30.0,0.0019119866915389139,1.0,0.0
567,31.0,0.0020528182544694573,1.0,0.0
568,30.0,0.002021480400344444,1.0,0.0
569,30.0,0.0019282219659544353,1.0,0.0
570,30.0,0.0019969387067249045,1.0,0.0
571,29.0,0.001927089271703153,1.0,0.0
572,32.0,0.002207997269124462,1.0,0.0
573,30.0,0.0019659784165924066,1.0,0.0
574,31.0,0.0020501753033386194,1.0,0.0
575,30.0,0.001971641884665587,1.0,0.0
576,29.0,0.001982213691007928,1.0,0.0
577,30.0,0.0019335078686708584,1.0,0.0
578,32.0,0.0020894420126751356,1.0,0.0
579,29.0,0.0019165174658155593,1.0,0.0
580,30.0,0.0019905201102119463,1.0,0.0
581,31.0,0.00213701514121567,1.0,0.0
582,30.0,0.00203091951289025,1.0,0.0
583,29.0,0.0019236911912230426,1.0,0.0
584,29.0,0.0019478553203953197,1.0,0.0
585,32.0,0.002157026060103817,1.0,0.0
586,33.0,0.003354283129738178,1.0,0.0
587,29.0,0.001928221965499688,1.0,0.0
588,31.0,0.001999581658765237,1.0,0.0
589,29.0,0.0018802712725118909,1.0,0.0
590,29.0,0.0018795161436173657,1.0,0.0
591,29.0,0.0019980714005214395,1.0,0.0
592,31.0,0.0020471547873057716,1.0,0.0
593,30.0,0.0019421918527768867,1.0,0.0
594,33.0,0.0021317292375897523,1.0,0.0
595,29.0,0.0018949962886836147,1.0,0.0
596,29.0,0.0020554612060550426,1.0,0.0
597,29.0,0.0023390121555166843,1.0,0.0
598,33.0,0.0021517401569326466,1.0,0.0
599,29.0,0.001919537981848407,1.0,0.0
600,29.0,0.0019153847724737716,1.0,0.0
601,29.0,0.001976550223389495,1.0,0.0
602,29.0,0.001964845723250619,1.0,0.0
603,31.0,0.0020316746422395227,1.0,0.0
604,31.0,0.0022925717203179374,1.0,0.0
605,32.0,0.002090952270464186,1.0,0.0
606,30.0,0.001896506546472665,1.0,0.0
607,31.0,0.002025256045271817,1.0,0.0
608,29.0,0.0018508212406231905,1.0,0.0
609,29.0,0.0019134969497827115,1.0,0.0
610,29.0,0.0019063232239204808,1.0,0.0
611,31.0,0.001992030368455744,1.0,0.0
612,29.0,0.001929354659296223,1.0,0.0
613,31.0,0.0020396034969962784,1.0,0.0
614,29.0,0.0020913298353661958,1.0,0.0
615,31.0,0.001987877158626361,1.0,0.0
616,31.0,0.001990897675113956,1.0,0.0
617,29.0,0.0018308103217350435,1.0,0.0
618,32.0,0.0020316746417847753,1.0,0.0
619,31.0,0.0021290862864589144,1.0,0.0
620,29.0,0.0018787610147228406,1.0,0.0
621,30.0,0.001979193174520333,1.0,0.0
622,33.0,0.0020788702058780473,1.0,0.0
623,32.0,0.0020818907223656424,1.0,0.0
624,29.0,0.0018440250792082225,1.0,0.0
625,33.0,0.0021494747702490713,1.0,0.0
626,30.0,0.002035827851614158,1.0,0.0
627,29.0,0.0019025475789931079,1.0,0.0
628,29.0,0.0019304873526380106,1.0,0.0
629,35.0,0.002271050543185993,1.0,0.0
630,30.0,0.0019637130299088312,1.0,0.0
631,34.0,0.0021962927694403334,1.0,0.0
632,29.0,0.001896506546472665,1.0,0.0
633,31.0,0.0020143066744822136,1.0,0.0
634,29.0,0.0019014148851965729,1.0,0.0
635,31.0,0.0020671657061939186,1.0,0.0
636,29.0,0.0019017924496438354,1.0,0.0
637,30.0,0.001998448964968702,1.0,0.0
638,30.0,0.0019595598205341958,1.0,0.0
639,33.0,0.002138902963451983,1.0,0.0
640,30.0,0.0020029797387906,1.0,0.0
641,33.0,0.002141545915037568,1.0,0.0
642,29.0,0.0019082110461567936,1.0,0.0
643,33.0,0.002140035657248518,1.0,0.0
644,31.0,0.0020029797392453474,1.0,0.0
645,31.0,0.0020373381098579557,1.0,0.0
646,31.0,0.002030164383995725,1.0,0.0
647,29.0,0.001786635273219872,1.0,0.0
648,30.0,0.0020577265931933653,1.0,0.0
649,32.0,0.0023914936223263794,1.0,0.0
650,29.0,0.0018897103855124442,1.0,0.0
651,29.0,0.0019108539981971262,1.0,0.0
652,30.0,0.001965600852145144,1.0,0.0
653,31.0,0.0020260111741663422,1.0,0.0
654,33.0,0.002213660736742895,1.0,0.0
655,30.0,0.0019622027716650337,1.0,0.0
656,30.0,0.002779629941414896,1.0,0.0
657,30.0,0.001964845723250619,1.0,0.0
658,29.0,0.0019093437399533286,1.0,0.0
659,31.0,0.002038848367647006,1.0,0.0
660,29.0,0.0018780058853735682,1.0,0.0
661,30.0,0.001968621368632739,1.0,0.0
662,31.0,0.0020362054160614207,1.0,0.0
663,29.0,0.0018534641922087758,1.0,0.0
664,29.0,0.0019123642559861764,1.0,0.0
665,29.0,0.0018897103850576968,1.0,0.0
666,31.0,0.0020867990610895504,1.0,0.0
667,29.0,0.0019116091270916513,1.0,0.0
668,33.0,0.002145699124866951,1.0,0.0
669,29.0,0.00189952706296026,1.0,0.0
670,35.0,0.0022521723176396335,1.0,0.0
671,30.0,0.0018961289820254024,1.0,0.0
672,30.0,0.0019108539981971262,1.0,0.0
673,29.0,0.0018934860304398171,1.0,0.0
674,33.0,0.0021434337381833757,1.0,0.0
675,29.0,0.0018519539344197256,1.0,0.0
676,31.0,0.0020105310295548406,1.0,0.0
677,29.0,0.0018277898052474484,1.0,0.0
678,33.0,0.00223933512415897,1.0,0.0
679,30.0,0.001968621368177992,1.0,0.0
680,29.0,0.0019097213044005912,1.0,0.0
681,30.0,0.0020105310295548406,1.0,0.0
682,31.0,0.0020422464485818637,1.0,0.0
683,29.0,0.0019119866915389139,1.0,0.0
684,29.0,0.0019036802723348956,1.0,0.0
685,29.0,0.0018489334179321304,1.0,0.0
686,29.0,0.0019036802723348956,1.0,0.0
687,29.0,0.0019017924496438354,1.0,0.0
688,31.0,0.002182322882617882,1.0,0.0
689,29.0,0.001980325868316868,1.0,0.0
690,31.0,0.002072451609365089,1.0,0.0
691,30.0,0.0019841015132442408,1.0,0.0
692,29.0,0.0019304873526380106,1.0,0.0
693,33.0,0.0023869628485044814,1.0,0.0
694,30.0,0.0019810809976661403,1.0,0.0
695,29.0,0.0019346405624673935,1.0,0.0
696,30.0,0.0019867444652845734,1.0,0.0
697,32.0,0.0021366375767684076,1.0,0.0
698,30.0,0.0019270892721579003,1.0,0.0
699,29.0,0.0019274668366051628,1.0,0.0
700,30.0,0.0020584817225426377,1.0,0.0
701,34.0,0.002193649817854748,1.0,0.0
702,29.0,0.0019040578367821581,1.0,0.0
703,33.0,0.002152495286281919,1.0,0.0
704,29.0,0.0018798937080646283,1.0,0.0
705,29.0,0.0019278444010524254,1.0,0.0
706,30.0,0.0018730975471044076,1.0,0.0
707,30.0,0.001958049562290398,1.0,0.0
708,31.0,0.0020007143521070248,1.0,0.0
709,32.0,0.002077359948088997,1.0,0.0
710,31.0,0.001976550223389495,1.0,0.0
711,31.0,0.0019637130299088312,1.0,0.0
712,29.0,0.0019206706751901947,1.0,0.0
713,29.0,0.0019067007883677434,1.0,0.0
714,31.0,0.002134372189630085,1.0,0.0
715,31.0,0.00203129707779226,1.0,0.0
716,29.0,0.0019116091270916513,1.0,0.0
717,29.0,0.0019742848362511722,1.0,0.0
718,30.0,0.0019059456594732183,1.0,0.0
719,30.0,0.001965223288152629,1.0,0.0
720,30.0,0.0020241233519300295,1.0,0.0
721,31.0,0.0020290316906539374,1.0,0.0
722,29.0,0.0019493655786391173,1.0,0.0
723,29.0,0.0019025475789931079,1.0,0.0
724,29.0,0.0021494747702490713,1.0,0.0
725,30.0,0.0019252014494668401,1.0,0.0
726,33.0,0.002435668670841551,1.0,0.0
727,29.0,0.003035241116776888,1.0,0.0
728,29.0,0.0019372835140529787,1.0,0.0
729,29.0,0.0019218033689867298,1.0,0.0
730,29.0,0.001929354659296223,1.0,0.0
731,32.0,0.0021060548510831723,1.0,0.0
732,29.0,0.001966733545941679,1.0,0.0
733,29.0,0.002059991980331688,1.0,0.0
734,31.0,0.0020430015774763888,1.0,0.0
735,29.0,0.001898394369163725,1.0,0.0
736,31.0,0.0020471547873057716,1.0,0.0
737,30.0,0.0019856117714880384,1.0,0.0
738,29.0,0.00192369119167779,1.0,0.0
739,29.0,0.0019531412235664902,1.0,0.0
740,31.0,0.0020403586258908035,1.0,0.0
741,29.0,0.001993540626244794,1.0,0.0
742,30.0,0.0019780604816332925,1.0,0.0
743,31.0,0.0020599919807864353,1.0,0.0
744,29.0,0.001866678950136702,1.0,0.0
745,31.0,0.0021770369794467115,1.0,0.0
746,30.0,0.0019874995941790985,1.0,0.0
747,29.0,0.001919537981848407,1.0,0.0
748,29.0,0.0020316746422395227,1.0,0.0
749,29.0,0.001917650159157347,1.0,0.0
750,31.0,0.0020324297711340478,1.0,0.0
751,31.0,0.0021105856253598176,1.0,0.0
752,30.0,0.0019727745780073747,1.0,0.0
753,32.0,0.0021056772866359097,1.0,0.0
754,31.0,0.0020312970773375127,1.0,0.0
755,29.0,0.001913496949327964,1.0,0.0
756,29.0,0.0019157623369210341,1.0,0.0
757,29.0,0.0019218033689867298,1.0,0.0
758,29.0,0.0019335078691256058,1.0,0.0
759,32.0,0.0021313516731424897,1.0,0.0
760,31.0,0.0020430015774763888,1.0,0.0
761,30.0,0.001974662400698435,1.0,0.0
762,31.0,0.002141168351045053,1.0,0.0
763,29.0,0.0019123642559861764,1.0,0.0
764,31.0,0.0019825912554551905,1.0,0.0
765,33.0,0.00213512731852461,1.0,0.0
766,29.0,0.0018897103855124442,1.0,0.0
767,29.0,0.002379789123096998,1.0,0.0
768,29.0,0.00200146948100155,1.0,0.0
769,31.0,0.002051307996680407,1.0,0.0
770,29.0,0.0019165174658155593,1.0,0.0
771,29.0,0.001973152142454637,1.0,0.0
772,30.0,0.002016949626067799,1.0,0.0
773,32.0,0.0021056772866359097,1.0,0.0
774,32.0,0.0029555750043073203,1.0,0.0
775,29.0,0.002947268585103302,1.0,0.0
776,33.0,0.002288040946041292,1.0,0.0
777,29.0,0.0026282265716872644,1.0,0.0
778,29.0,0.001989009852422896,1.0,0.0
779,29.0,0.0019414367238823615,1.0,0.0
780,29.0,0.0018761180631372554,1.0,0.0
781,30.0,0.002211017785612057,1.0,0.0
782,29.0,0.0020161944971732737,1.0,0.0
783,29.0,0.0019565393040466006,1.0,0.0
784,31.0,0.002227630624020094,1.0,0.0
785,31.0,0.002046399657956499,1.0,0.0
786,30.0,0.001981836126105918,1.0,0.0
787,29.0,0.0019225584978812549,1.0,0.0
788,29.0,0.0019357732558091811,1.0,0.0
789,29.0,0.0019437021105659369,1.0,0.0
790,29.0,0.0020161944971732737,1.0,0.0
791,29.0,0.0020501753033386194,1.0,0.0
792,29.0,0.0018519539344197256,1.0,0.0
793,29.0,0.001908966175506066,1.0,0.0
794,29.0,0.0019572944329411257,1.0,0.0
795,29.0,0.0019588046911849233,1.0,0.0
796,29.0,0.001940681594533089,1.0,0.0
797,29.0,0.0019319976108818082,1.0,0.0
798,30.0,0.0020433791419236513,1.0,0.0
799,31.0,0.0020573490287461027,1.0,0.0
800,30.0,0.0019863669003825635,1.0,0.0
801,29.0,0.001938793771842029,1.0,0.0
802,32.0,0.002100391383464739,1.0,0.0
803,29.0,0.001830432757287781,1.0,0.0
804,29.0,0.0018746078048934578,1.0,0.0
805,29.0,0.0018470455952410703,1.0,0.0
806,31.0,0.0020645227546083333,1.0,0.0
807,29.0,0.0018897103855124442,1.0,0.0
808,30.0,0.0018712097239586,1.0,0.0
809,31.0,0.002015816932271264,1.0,0.0
810,30.0,0.0019006597563020478,1.0,0.0
811,29.0,0.0018693219017222873,1.0,0.0
812,29.0,0.001780971805601439,1.0,0.0
813,29.0,0.0018481782890376053,1.0,0.0
814,31.0,0.002006377819725458,1.0,0.0
815,30.0,0.0019014148851965729,1.0,0.0
816,29.0,0.0018440250796629698,1.0,0.0
817,29.0,0.0018538417566560383,1.0,0.0
818,31.0,0.0021271984637678543,1.0,0.0
819,29.0,0.0018496885472814029,1.0,0.0
820,29.0,0.0018466680307938077,1.0,0.0
821,29.0,0.0018387391764917993,1.0,0.0
822,31.0,0.0019701316264217894,1.0,0.0
823,31.0,0.0019414367238823615,1.0,0.0
824,30.0,0.001966733545941679,1.0,0.0
825,32.0,0.0020403586258908035,1.0,0.0
826,32.0,0.0027467818290460855,1.0,0.0
827,29.0,0.002432270589906693,1.0,0.0
828,31.0,0.002340899977752997,1.0,0.0
829,31.0,0.0020037348681398726,1.0,0.0
830,29.0,0.0018557295793470985,1.0,0.0
831,29.0,0.0019036802723348956,1.0,0.0
832,29.0,0.0019029251434403704,1.0,0.0
833,29.0,0.001908966175506066,1.0,0.0
834,29.0,0.00189537385267613,1.0,0.0
835,29.0,0.0018900879499597067,1.0,0.0
836,30.0,0.0021377702701101953,1.0,0.0
837,29.0,0.0019199155462956696,1.0,0.0
838,30.0,0.0019463450621515221,1.0,0.0
839,29.0,0.0018980168047164625,1.0,0.0
840,31.0,0.0020256336097190797,1.0,0.0
841,30.0,0.0019440796754679468,1.0,0.0
842,30.0,0.0019403040300858265,1.0,0.0
843,29.0,0.0018727199822023977,1.0,0.0
844,29.0,0.0018776283209263056,1.0,0.0
845,29.0,0.00187158728886061,1.0,0.0
846,29.0,0.0019259565788161126,1.0,0.0
847,31.0,0.001989764981317421,1.0,0.0
848,29.0,0.0019097213048553385,1.0,0.0
849,29.0,0.002086799060634803,1.0,0.0
850,29.0,0.001939548900736554,1.0,0.0
851,29.0,0.001917650159157347,1.0,0.0
852,29.0,0.0019153847724737716,1.0,0.0
853,29.0,0.001934262998020131,1.0,0.0
854,29.0,0.002106432415530435,1.0,0.0
855,29.0,0.0019961835778303794,1.0,0.0
856,31.0,0.0020388483681017533,1.0,0.0
857,29.0,0.0018168404344578448,1.0,0.0
858,31.0,0.0020875541899840755,1.0,0.0
859,29.0,0.0019017924496438354,1.0,0.0
860,29.0,0.001976172658487485,1.0,0.0
861,29.0,0.0018470455952410703,1.0,0.0
862,29.0,0.0018221263376290153,1.0,0.0
863,29.0,0.0017696448703645729,1.0,0.0
864,29.0,0.001859882788721734,1.0,0.0
865,29.0,0.001877250756479043,1.0,0.0
866,30.0,0.0019036802723348956,1.0,0.0
867,29.0,0.001840626998728112,1.0,0.0
868,29.0,0.0018364737893534766,1.0,0.0
869,29.0,0.0019599373849814583,1.0,0.0
870,32.0,0.0020905747060169233,1.0,0.0
871,31.0,0.0020784926414307847,1.0,0.0
872,29.0,0.0019180277240593568,1.0,0.0
873,29.0,0.001912741820433439,1.0,0.0
874,31.0,0.002051685561582417,1.0,0.0
875,29.0,0.0019342629975653836,1.0,0.0
876,29.0,0.0018825366596502136,1.0,0.0
877,29.0,0.0018410045631753746,1.0,0.0
878,29.0,0.0018485558534848678,1.0,0.0
879,29.0,0.002254437704323209,1.0,0.0
880,31.0,0.002131351673597237,1.0,0.0
881,29.0,0.0019818361265606654,1.0,0.0
882,29.0,0.0019123642559861764,1.0,0.0
883,29.0,0.0019104764337498636,1.0,0.0
884,29.0,0.001849310982379393,1.0,0.0
885,29.0,0.0019278444010524254,1.0,0.0
886,29.0,0.001892730901545292,1.0,0.0
887,29.0,0.0018519539339649782,1.0,0.0
888,29.0,0.0019376610785002413,1.0,0.0
889,29.0,0.0018383616115897894,1.0,0.0
890,31.0,0.0019961835778303794,1.0,0.0
891,32.0,0.002072451609365089,1.0,0.0
892,30.0,0.001992785497350269,1.0,0.0
893,29.0,0.0019112315626443888,1.0,0.0
894,29.0,0.0017870128376671346,1.0,0.0
895,29.0,0.0018685667728277622,1.0,0.0
896,29.0,0.0018500661117286654,1.0,0.0
897,29.0,0.0018043808054244437,1.0,0.0
898,30.0,0.0018583725309326837,1.0,0.0
899,31.0,0.0019335078686708584,1.0,0.0
900,30.0,0.0018908430788542319,1.0,0.0
901,30.0,0.0019584271267376607,1.0,0.0
902,29.0,0.0018172179989051074,1.0,0.0
903,29.0,0.0018315654501748213,1.0,0.0
904,29.0,0.0018882001272686466,1.0,0.0
905,29.0,0.001919537981848407,1.0,0.0
906,32.0,0.0020509304322331445,1.0,0.0
907,29.0,0.0018670565145839646,1.0,0.0
908,29.0,0.001876495627584518,1.0,0.0
909,29.0,0.001903302707887633,1.0,0.0
910,29.0,0.0018836693534467486,1.0,0.0
911,29.0,0.0018836693529920012,1.0,0.0
912,29.0,0.0019161399013682967,1.0,0.0
913,29.0,0.0018277898052474484,1.0,0.0
914,29.0,0.0018915982082035043,1.0,0.0
915,29.0,0.0017930538701875776,1.0,0.0
916,29.0,0.001887822562821384,1.0,0.0
917,29.0,0.0018953738531308773,1.0,0.0
918,29.0,0.0018912206433014944,1.0,0.0
919,29.0,0.0019055680950259557,1.0,0.0
920,29.0,0.0018493109828341403,1.0,0.0
921,29.0,0.0019338854335728684,1.0,0.0
922,29.0,0.0018949962886836147,1.0,0.0
923,30.0,0.001954273916908278,1.0,0.0
924,29.0,0.0018938635948870797,1.0,0.0
925,29.0,0.0030012603101567947,1.0,0.0
926,30.0,0.0019905201102119463,1.0,0.0
927,29.0,0.0019297322237434855,1.0,0.0
928,29.0,0.0019225584978812549,1.0,0.0
929,30.0,0.0019890098519681487,1.0,0.0
930,30.0,0.001981836126105918,1.0,0.0
931,31.0,0.002115871528076241,1.0,0.0
932,33.0,0.002157403625005827,1.0,0.0
933,31.0,0.0020362054160614207,1.0,0.0
934,29.0,0.0019157623364662868,1.0,0.0
935,29.0,0.0025882047339109704,1.0,0.0
936,31.0,0.0020161944971732737,1.0,0.0
937,29.0,0.0018946187237816048,1.0,0.0
938,29.0,0.0018991494985129975,1.0,0.0
939,30.0,0.0019486104492898448,1.0,0.0
940,31.0,0.0021211574317021586,1.0,0.0
941,30.0,0.002104167028392112,1.0,0.0
942,29.0,0.001950120707078895,1.0,0.0
943,29.0,0.0019180277236046095,1.0,0.0
944,29.0,0.0019150072075717617,1.0,0.0
945,29.0,0.0019369059496057162,1.0,0.0
946,29.0,0.001917650159157347,1.0,0.0
947,29.0,0.0019014148851965729,1.0,0.0
948,30.0,0.001964090594356094,1.0,0.0
949,29.0,0.0018746078048934578,1.0,0.0
950,30.0,0.0019531412235664902,1.0,0.0
951,29.0,0.0021366375767684076,1.0,0.0
952,29.0,0.001961070078323246,1.0,0.0
953,31.0,0.002042624012574379,1.0,0.0
954,29.0,0.0019131193848807015,1.0,0.0
955,32.0,0.0020947279153915588,1.0,0.0
956,29.0,0.0019104764332951163,1.0,0.0
957,31.0,0.0021022792061557993,1.0,0.0
958,30.0,0.001969754062429274,1.0,0.0
959,29.0,0.0020203477070026565,1.0,0.0
960,29.0,0.001913874514229974,1.0,0.0
961,29.0,0.0019180277236046095,1.0,0.0
962,29.0,0.001907078352815006,1.0,0.0
963,29.0,0.001959182255632186,1.0,0.0
964,29.0,0.0018519539344197256,1.0,0.0
965,29.0,0.0022740710592188407,1.0,0.0
966,29.0,0.0018330757088733662,1.0,0.0
967,29.0,0.0018474231601430802,1.0,0.0
968,29.0,0.0019048129656766832,1.0,0.0
969,29.0,0.0019138745137752267,1.0,0.0
970,30.0,0.00208113559301637,1.0,0.0
971,29.0,0.0018602603536237439,1.0,0.0
972,29.0,0.0018934860304398171,1.0,0.0
973,29.0,0.0018478007241355954,1.0,0.0
974,31.0,0.0020316746422395227,1.0,0.0
975,35.0,0.002258213349705329,1.0,0.0
976,29.0,0.001907078352815006,1.0,0.0
977,29.0,0.00189952706296026,1.0,0.0
978,29.0,0.0019659784165924066,1.0,0.0
979,31.0,0.002026388739068352,1.0,0.0
980,29.0,0.0019044354012294207,1.0,0.0
981,29.0,0.001910098869302601,1.0,0.0
982,29.0,0.00189952706296026,1.0,0.0
983,29.0,0.0018991494980582502,1.0,0.0
984,29.0,0.001850443676175928,1.0,0.0
985,29.0,0.0018372289182480017,1.0,0.0
986,29.0,0.001876118062682508,1.0,0.0
987,30.0,0.0019516309653226926,1.0,0.0
988,29.0,0.0017719102575028955,1.0,0.0
989,29.0,0.0021000138185627293,1.0,0.0
990,30.0,0.001955029045802803,1.0,0.0
991,29.0,0.0018689443372750247,1.0,0.0
992,29.0,0.0019274668366051628,1.0,0.0
993,31.0,0.0021611792699332,1.0,0.0
994,29.0,0.0018096667085956142,1.0,0.0
995,31.0,0.0020479099162002967,1.0,0.0
996,29.0,0.0019304873526380106,1.0,0.0
997,30.0,0.00197730535228402,1.0,0.0
998,29.0,0.001990897674659209,1.0,0.0
999,29.0,0.0018836693529920012,1.0,0.0
1000,0.0,0.0,0.0,0.0
1001,0.0,0.0,0.0,0.0
1002,0.0,0.0,0.0,0.0
1003,0.0,0.0,0.0,0.0
1004,0.0,0.0,0.0,0.0
1005,0.0,0.0,0.0,0.0
1006,0.0,0.0,0.0,0.0
1007,0.0,0.0,0.0,0.0
1008,0.0,0.0,0.0,0.0
1009,0.0,0.0,0.0,0.0
1010,0.0,0.0,0.0,0.0
1011,0.0,0.0,0.0,0.0
1012,0.0,0.0,0.0,0.0
1013,0.0,0.0,0.0,0.0
1014,0.0,0.0,0.0,0.0
1015,0.0,0.0,0.0,0.0
1016,0.0,0.0,0.0,0.0
1017,0.0,0.0,0.0,0.0
1018,0.0,0.0,0.0,0.0
1019,0.0,0.0,0.0,0.0
1020,0.0,0.0,0.0,0.0
1021,0.0,0.0,0.0,0.0
1022,0.0,0.0,0.0,0.0
1023,0.0,0.0,0.0,0.0
1024,0.0,0.0,0.0,0.0
1025,0.0,0.0,0.0,0.0
1026,0.0,0.0,0.0,0.0
1027,0.0,0.0,0.0,0.0
1028,0.0,0.0,0.0,0.0
1029,0.0,0.0,0.0,0.0
1030,0.0,0.0,0.0,0.0
1031,0.0,0.0,0.0,0.0
1032,0.0,0.0,0.0,0.0
1033,0.0,0.0,0.0,0.0
1034,0.0,0.0,0.0,0.0
1035,0.0,0.0,0.0,0.0
1036,0.0,0.0,0.0,0.0
1037,0.0,0.0,0.0,0.0
1038,0.0,0.0,0.0,0.0
1039,0.0,0.0,0.0,0.0
1040,0.0,0.0,0.0,0.0
1041,0.0,0.0,0.0,0.0
1042,0.0,0.0,0.0,0.0
1043,0.0,0.0,0.0,0.0
1044,0.0,0.0,0.0,0.0
1045,0.0,0.0,0.0,0.0
1046,0.0,0.0,0.0,0.0
1047,0.0,0.0,0.0,0.0
1048,0.0,0.0,0.0,0.0
1049,0.0,0.0,0.0,0.0
1050,0.0,0.0,0.0,0.0
1051,0.0,0.0,0.0,0.0
1052,0.0,0.0,0.0,0.0
1053,0.0,0.0,0.0,0.0
1054,0.0,0.0,0.0,0.0
1055,0.0,0.0,0.0,0.0
1056,0.0,0.0,0.0,0.0
1057,0.0,0.0,0.0,0.0
1058,0.0,0.0,0.0,0.0
1059,0.0,0.0,0.0,0.0
1060,0.0,0.0,0.0,0.0
1061,0.0,0.0,0.0,0.0
1062,0.0,0.0,0.0,0.0
1063,0.0,0.0,0.0,0.0
1064,0.0,0.0,0.0,0.0
1065,0.0,0.0,0.0,0.0
1066,0.0,0.0,0.0,0.0
1067,0.0,0.0,0.0,0.0
1068,0.0,0.0,0.0,0.0
1069,0.0,0.0,0.0,0.0
1070,0.0,0.0,0.0,0.0
1071,0.0,0.0,0.0,0.0
1072,0.0,0.0,0.0,0.0
1073,0.0,0.0,0.0,0.0
1074,0.0,0.0,0.0,0.0
1075,0.0,0.0,0.0,0.0
1076,0.0,0.0,0.0,0.0
1077,0.0,0.0,0.0,0.0
1078,0.0,0.0,0.0,0.0
1079,0.0,0.0,0.0,0.0
1080,0.0,0.0,0.0,0.0
1081,0.0,0.0,0.0,0.0
1082,0.0,0.0,0.0,0.0
1083,0.0,0.0,0.0,0.0
1084,0.0,0.0,0.0,0.0
1085,0.0,0.0,0.0,0.0
1086,0.0,0.0,0.0,0.0
1087,0.0,0.0,0.0,0.0
1088,0.0,0.0,0.0,0.0
1089,0.0,0.0,0.0,0.0
1090,0.0,0.0,0.0,0.0
1091,0.0,0.0,0.0,0.0
1092,0.0,0.0,0.0,0.0
1093,0.0,0.0,0.0,0.0
1094,0.0,0.0,0.0,0.0
1095,0.0,0.0,0.0,0.0
1096,0.0,0.0,0.0,0.0
1097,0.0,0.0,0.0,0.0
1098,0.0,0.0,0.0,0.0
1099,0.0,0.0,0.0,0.0
1100,0.0,0.0,0.0,0.0
1101,0.0,0.0,0.0,0.0
1102,0.0,0.0,0.0,0.0
1103,0.0,0.0,0.0,0.0
1104,0.0,0.0,0.0,0.0
1105,0.0,0.0,0.0,0.0
1106,0.0,0.0,0.0,0.0
1107,0.0,0.0,0.0,0.0
1108,0.0,0.0,0.0,0.0
1109,0.0,0.0,0.0,0.0
1110,0.0,0.0,0.0,0.0
1111,0.0,0.0,0.0,0.0
1112,0.0,0.0,0.0,0.0
1113,0.0,0.0,0.0,0.0
1114,0.0,0.0,0.0,0.0
1115,0.0,0.0,0.0,0.0
1116,0.0,0.0,0.0,0.0
1117,0.0,0.0,0.0,0.0
1118,0.0,0.0,0.0,0.0
1119,0.0,0.0,0.0,0.0
1120,0.0,0.0,0.0,0.0
1121,0.0,0.0,0.0,0.0
1122,0.0,0.0,0.0,0.0
1123,0.0,0.0,0.0,0.0
1124,0.0,0.0,0.0,0.0
1125,0.0,0.0,0.0,0.0
1126,0.0,0.0,0.0,0.0
1127,0.0,0.0,0.0,0.0
1128,0.0,0.0,0.0,0.0
1129,0.0,0.0,0.0,0.0
1130,0.0,0.0,0.0,0.0
1131,0.0,0.0,0.0,0.0
1132,0.0,0.0,0.0,0.0
1133,0.0,0.0,0.0,0.0
1134,0.0,0.0,0.0,0.0
1135,0.0,0.0,0.0,0.0
1136,0.0,0.0,0.0,0.0
1137,0.0,0.0,0.0,0.0
1138,0.0,0.0,0.0,0.0
1139,0.0,0.0,0.0,0.0
1140,0.0,0.0,0.0,0.0
1141,0.0,0.0,0.0,0.0
1142,0.0,0.0,0.0,0.0
1143,0.0,0.0,0.0,0.0
1144,0.0,0.0,0.0,0.0
1145,0.0,0.0,0.0,0.0
1146,0.0,0.0,0.0,0.0
1147,0.0,0.0,0.0,0.0
1148,0.0,0.0,0.0,0.0
1149,0.0,0.0,0.0,0.0
1150,0.0,0.0,0.0,0.0
1151,0.0,0.0,0.0,0.0
1152,0.0,0.0,0.0,0.0
1153,0.0,0.0,0.0,0.0
1154,0.0,0.0,0.0,0.0
1155,0.0,0.0,0.0,0.0
1156,0.0,0.0,0.0,0.0
1157,0.0,0.0,0.0,0.0
1158,0.0,0.0,0.0,0.0
1159,0.0,0.0,0.0,0.0
1160,0.0,0.0,0.0,0.0
1161,0.0,0.0,0.0,0.0
1162,0.0,0.0,0.0,0.0
1163,0.0,0.0,0.0,0.0
1164,0.0,0.0,0.0,0.0
1165,0.0,0.0,0.0,0.0
1166,0.0,0.0,0.0,0.0
1167,0.0,0.0,0.0,0.0
1168,0.0,0.0,0.0,0.0
1169,0.0,0.0,0.0,0.0
1170,0.0,0.0,0.0,0.0
1171,0.0,0.0,0.0,0.0
1172,0.0,0.0,0.0,0.0
1173,0.0,0.0,0.0,0.0
1174,0.0,0.0,0.0,0.0
1175,0.0,0.0,0.0,0.0
1176,0.0,0.0,0.0,0.0
1177,0.0,0.0,0.0,0.0
1178,0.0,0.0,0.0,0.0
1179,0.0,0.0,0.0,0.0
1180,0.0,0.0,0.0,0.0
1181,0.0,0.0,0.0,0.0
1182,0.0,0.0,0.0,0.0
1183,0.0,0.0,0.0,0.0
1184,0.0,0.0,0.0,0.0
1185,0.0,0.0,0.0,0.0
1186,0.0,0.0,0.0,0.0
1187,0.0,0.0,0.0,0.0
1188,0.0,0.0,0.0,0.0
1189,0.0,0.0,0.0,0.0
1190,0.0,0.0,0.0,0.0
1191,0.0,0.0,0.0,0.0
1192,0.0,0.0,0.0,0.0
1193,0.0,0.0,0.0,0.0
1194,0.0,0.0,0.0,0.0
1195,0.0,0.0,0.0,0.0
1196,0.0,0.0,0.0,0.0
1197,0.0,0.0,0.0,0.0
1198,0.0,0.0,0.0,0.0
1199,0.0,0.0,0.0,0.0
1200,0.0,0.0,0.0,0.0
1201,0.0,0.0,0.0,0.0
1202,0.0,0.0,0.0,0.0
1203,0.0,0.0,0.0,0.0
1204,0.0,0.0,0.0,0.0
1205,0.0,0.0,0.0,0.0
1206,0.0,0.0,0.0,0.0
1207,0.0,0.0,0.0,0.0
1208,0.0,0.0,0.0,0.0
1209,0.0,0.0,0.0,0.0
1210,0.0,0.0,0.0,0.0
1211,0.0,0.0,0.0,0.0
1212,0.0,0.0,0.0,0.0
1213,0.0,0.0,0.0,0.0
1214,0.0,0.0,0.0,0.0
1215,0.0,0.0,0.0,0.0
1216,0.0,0.0,0.0,0.0
1217,0.0,0.0,0.0,0.0
1218,0.0,0.0,0.0,0.0
1219,0.0,0.0,0.0,0.0
1220,0.0,0.0,0.0,0.0
1221,0.0,0.0,0.0,0.0
1222,0.0,0.0,0.0,0.0
1223,0.0,0.0,0.0,0.0
1224,0.0,0.0,0.0,0.0
1225,0.0,0.0,0.0,0.0
1226,0.0,0.0,0.0,0.0
1227,0.0,0.0,0.0,0.0
1228,0.0,0.0,0.0,0.0
1229,0.0,0.0,0.0,0.0
1230,0.0,0.0,0.0,0.0
1231,0.0,0.0,0.0,0.0
1232,0.0,0.0,0.0,0.0
1233,0.0,0.0,0.0,0.0
1234,0.0,0.0,0.0,0.0
1235,0.0,0.0,0.0,0.0
1236,0.0,0.0,0.0,0.0
1237,0.0,0.0,0.0,0.0
1238,0.0,0.0,0.0,0.0
1239,0.0,0.0,0.0,0.0
1240,0.0,0.0,0.0,0.0
1241,0.0,0.0,0.0,0.0
1242,0.0,0.0,0.0,0.0
1243,0.0,0.0,0.0,0.0
1244,0.0,0.0,0.0,0.0
1245,0.0,0.0,0.0,0.0
1246,0.0,0.0,0.0,0.0
1247,0.0,0.0,0.0,0.0
1248,0.0,0.0,0.0,0.0
1249,0.0,0.0,0.0,0.0
1250,0.0,0.0,0.0,0.0
1251,0.0,0.0,0.0,0.0
1252,0.0,0.0,0.0,0.0
1253,0.0,0.0,0.0,0.0
1254,0.0,0.0,0.0,0.0
1255,0.0,0.0,0.0,0.0
1256,0.0,0.0,0.0,0.0
1257,0.0,0.0,0.0,0.0
1258,0.0,0.0,0.0,0.0
1259,0.0,0.0,0.0,0.0
1260,0.0,0.0,0.0,0.0
1261,0.0,0.0,0.0,0.0
1262,0.0,0.0,0.0,0.0
1263,0.0,0.0,0.0,0.0
1264,0.0,0.0,0.0,0.0
1265,0.0,0.0,0.0,0.0
1266,0.0,0.0,0.0,0.0
1267,0.0,0.0,0.0,0.0
1268,0.0,0.0,0.0,0.0
1269,0.0,0.0,0.0,0.0
1270,0.0,0.0,0.0,0.0
1271,0.0,0.0,0.0,0.0
1272,0.0,0.0,0.0,0.0
1273,0.0,0.0,0.0,0.0
1274,0.0,0.0,0.0,0.0
1275,0.0,0.0,0.0,0.0
1276,0.0,0.0,0.0,0.0
1277,0.0,0.0,0.0,0.0
1278,0.0,0.0,0.0,0.0
1279,0.0,0.0,0.0,0.0
1280,0.0,0.0,0.0,0.0
1281,0.0,0.0,0.0,0.0
1282,0.0,0.0,0.0,0.0
1283,0.0,0.0,0.0,0.0
1284,0.0,0.0,0.0,0.0
1285,0.0,0.0,0.0,0.0
1286,0.0,0.0,0.0,0.0
1287,0.0,0.0,0.0,0.0
1288,0.0,0.0,0.0,0.0
1289,0.0,0.0,0.0,0.0
1290,0.0,0.0,0.0,0.0
1291,0.0,0.0,0.0,0.0
1292,0.0,0.0,0.0,0.0
1293,0.0,0.0,0.0,0.0
1294,0.0,0.0,0.0,0.0
1295,0.0,0.0,0.0,0.0
1296,0.0,0.0,0.0,0.0
1297,0.0,0.0,0.0,0.0
1298,0.0,0.0,0.0,0.0
1299,0.0,0.0,0.0,0.0
1300,0.0,0.0,0.0,0.0
1301,0.0,0.0,0.0,0.0
1302,0.0,0.0,0.0,0.0
1303,0.0,0.0,0.0,0.0
1304,0.0,0.0,0.0,0.0
1305,0.0,0.0,0.0,0.0
1306,0.0,0.0,0.0,0.0
1307,0.0,0.0,0.0,0.0
1308,0.0,0.0,0.0,0.0
1309,0.0,0.0,0.0,0.0
1310,0.0,0.0,0.0,0.0
1311,0.0,0.0,0.0,0.0
1312,0.0,0.0,0.0,0.0
1313,0.0,0.0,0.0,0.0
1314,0.0,0.0,0.0,0.0
1315,0.0,0.0,0.0,0.0
1316,0.0,0.0,0.0,0.0
1317,0.0,0.0,0.0,0.0
1318,0.0,0.0,0.0,0.0
1319,0.0,0.0,0.0,0.0
1320,0.0,0.0,0.0,0.0
1321,0.0,0.0,0.0,0.0
1322,0.0,0.0,0.0,0.0
1323,0.0,0.0,0.0,0.0
1324,0.0,0.0,0.0,0.0
1325,0.0,0.0,0.0,0.0
1326,0.0,0.0,0.0,0.0
1327,0.0,0.0,0.0,0.0
1328,0.0,0.0,0.0,0.0
1329,0.0,0.0,0.0,0.0
1330,0.0,0.0,0.0,0.0
1331,0.0,0.0,0.0,0.0
1332,0.0,0.0,0.0,0.0
1333,0.0,0.0,0.0,0.0
1334,0.0,0.0,0.0,0.0
1335,0.0,0.0,0.0,0.0
1336,0.0,0.0,0.0,0.0
1337,0.0,0.0,0.0,0.0
1338,0.0,0.0,0.0,0.0
1339,0.0,0.0,0.0,0.0
1340,0.0,0.0,0.0,0.0
1341,0.0,0.0,0.0,0.0
1342,0.0,0.0,0.0,0.0
1343,0.0,0.0,0.0,0.0
1344,0.0,0.0,0.0,0.0
1345,0.0,0.0,0.0,0.0
1346,0.0,0.0,0.0,0.0
1347,0.0,0.0,0.0,0.0
1348,0.0,0.0,0.0,0.0
1349,0.0,0.0,0.0,0.0
1350,0.0,0.0,0.0,0.0
1351,0.0,0.0,0.0,0.0
1352,0.0,0.0,0.0,0.0
1353,0.0,0.0,0.0,0.0
1354,0.0,0.0,0.0,0.0
1355,0.0,0.0,0.0,0.0
1356,0.0,0.0,0.0,0.0
1357,0.0,0.0,0.0,0.0
1358,0.0,0.0,0.0,0.0
1359,0.0,0.0,0.0,0.0
1360,0.0,0.0,0.0,0.0
1361,0.0,0.0,0.0,0.0
1362,0.0,0.0,0.0,0.0
1363,0.0,0.0,0.0,0.0
1364,0.0,0.0,0.0,0.0
1365,0.0,0.0,0.0,0.0
1366,0.0,0.0,0.0,0.0
1367,0.0,0.0,0.0,0.0
1368,0.0,0.0,0.0,0.0
1369,0.0,0.0,0.0,0.0
1370,0.0,0.0,0.0,0.0
1371,0.0,0.0,0.0,0.0
1372,0.0,0.0,0.0,0.0
1373,0.0,0.0,0.0,0.0
1374,0.0,0.0,0.0,0.0
1375,0.0,0.0,0.0,0.0
1376,0.0,0.0,0.0,0.0
1377,0.0,0.0,0.0,0.0
1378,0.0,0.0,0.0,0.0
1379,0.0,0.0,0.0,0.0
1380,0.0,0.0,0.0,0.0
1381,0.0,0.0,0.0,0.0
1382,0.0,0.0,0.0,0.0
1383,0.0,0.0,0.0,0.0
1384,0.0,0.0,0.0,0.0
1385,0.0,0.0,0.0,0.0
1386,0.0,0.0,0.0,0.0
1387,0.0,0.0,0.0,0.0
1388,0.0,0.0,0.0,0.0
1389,0.0,0.0,0.0,0.0
1390,0.0,0.0,0.0,0.0
1391,0.0,0.0,0.0,0.0
1392,0.0,0.0,0.0,0.0
1393,0.0,0.0,0.0,0.0
1394,0.0,0.0,0.0,0.0
1395,0.0,0.0,0.0,0.0
1396,0.0,0.0,0.0,0.0
1397,0.0,0.0,0.0,0.0
1398,0.0,0.0,0.0,0.0
1399,0.0,0.0,0.0,0.0
1400,0.0,0.0,0.0,0.0
1401,0.0,0.0,0.0,0.0
1402,0.0,0.0,0.0,0.0
1403,0.0,0.0,0.0,0.0
1404,0.0,0.0,0.0,0.0
1405,0.0,0.0,0.0,0.0
1406,0.0,0.0,0.0,0.0
1407,0.0,0.0,0.0,0.0
1408,0.0,0.0,0.0,0.0
1409,0.0,0.0,0.0,0.0
1410,0.0,0.0,0.0,0.0
1411,0.0,0.0,0.0,0.0
1412,0.0,0.0,0.0,0.0
1413,0.0,0.0,0.0,0.0
1414,0.0,0.0,0.0,0.0
1415,0.0,0.0,0.0,0.0
1416,0.0,0.0,0.0,0.0
1417,0.0,0.0,0.0,0.0
1418,0.0,0.0,0.0,0.0
1419,0.0,0.0,0.0,0.0
1420,0.0,0.0,0.0,0.0
1421,0.0,0.0,0.0,0.0
1422,0.0,0.0,0.0,0.0
1423,0.0,0.0,0.0,0.0
1424,0.0,0.0,0.0,0.0
1425,0.0,0.0,0.0,0.0
1426,0.0,0.0,0.0,0.0
1427,0.0,0.0,0.0,0.0
1428,0.0,0.0,0.0,0.0
1429,0.0,0.0,0.0,0.0
1430,0.0,0.0,0.0,0.0
1431,0.0,0.0,0.0,0.0
1432,0.0,0.0,0.0,0.0
1433,0.0,0.0,0.0,0.0
1434,0.0,0.0,0.0,0.0
1435,0.0,0.0,0.0,0.0
1436,0.0,0.0,0.0,0.0
1437,0.0,0.0,0.0,0.0
1438,0.0,0.0,0.0,0.0
1439,0.0,0.0,0.0,0.0
1440,0.0,0.0,0.0,0.0
1441,0.0,0.0,0.0,0.0
1442,0.0,0.0,0.0,0.0
1443,0.0,0.0,0.0,0.0
1444,0.0,0.0,0.0,0.0
1445,0.0,0.0,0.0,0.0
1446,0.0,0.0,0.0,0.0
1447,0.0,0.0,0.0,0.0
1448,0.0,0.0,0.0,0.0
1449,0.0,0.0,0.0,0.0
1450,0.0,0.0,0.0,0.0
1451,0.0,0.0,0.0,0.0
1452,0.0,0.0,0.0,0.0
1453,0.0,0.0,0.0,0.0
1454,0.0,0.0,0.0,0.0
1455,0.0,0.0,0.0,0.0
1456,0.0,0.0,0.0,0.0
1457,0.0,0.0,0.0,0.0
1458,0.0,0.0,0.0,0.0
1459,0.0,0.0,0.0,0.0
1460,0.0,0.0,0.0,0.0
1461,0.0,0.0,0.0,0.0
1462,0.0,0.0,0.0,0.0
1463,0.0,0.0,0.0,0.0
1464,0.0,0.0,0.0,0.0
1465,0.0,0.0,0.0,0.0
1466,0.0,0.0,0.0,0.0
1467,0.0,0.0,0.0,0.0
1468,0.0,0.0,0.0,0.0
1469,0.0,0.0,0.0,0.0
1470,0.0,0.0,0.0,0.0
1471,0.0,0.0,0.0,0.0
1472,0.0,0.0,0.0,0.0
1473,0.0,0.0,0.0,0.0
1474,0.0,0.0,0.0,0.0
1475,0.0,0.0,0.0,0.0
1476,0.0,0.0,0.0,0.0
1477,0.0,0.0,0.0,0.0
1478,0.0,0.0,0.0,0.0
1479,0.0,0.0,0.0,0.0
1480,0.0,0.0,0.0,0.0
1481,0.0,0.0,0.0,0.0
1482,0.0,0.0,0.0,0.0
1483,0.0,0.0,0.0,0.0
1484,0.0,0.0,0.0,0.0
1485,0.0,0.0,0.0,0.0
1486,0.0,0.0,0.0,0.0
1487,0.0,0.0,0.0,0.0
1488,0.0,0.0,0.0,0.0
1489,0.0,0.0,0.0,0.0
1490,0.0,0.0,0.0,0.0
1491,0.0,0.0,0.0,0.0
1492,0.0,0.0,0.0,0.0
1493,0.0,0.0,0.0,0.0
1494,0.0,0.0,0.0,0.0
1495,0.0,0.0,0.0,0.0
1496,0.0,0.0,0.0,0.0
1497,0.0,0.0,0.0,0.0
1498,0.0,0.0,0.0,0.0
1499,0.0,0.0,0.0,0.0
1500,0.0,0.0,0.0,0.0
1501,0.0,0.0,0.0,0.0
1502,0.0,0.0,0.0,0.0
1503,0.0,0.0,0.0,0.0
1504,0.0,0.0,0.0,0.0
1505,0.0,0.0,0.0,0.0
1506,0.0,0.0,0.0,0.0
1507,0.0,0.0,0.0,0.0
1508,0.0,0.0,0.0,0.0
1509,0.0,0.0,0.0,0.0
1510,0.0,0.0,0.0,0.0
1511,0.0,0.0,0.0,0.0
1512,0.0,0.0,0.0,0.0
1513,0.0,0.0,0.0,0.0
1514,0.0,0.0,0.0,0.0
1515,0.0,0.0,0.0,0.0
1516,0.0,0.0,0.0,0.0
1517,0.0,0.0,0.0,0.0
1518,0.0,0.0,0.0,0.0
1519,0.0,0.0,0.0,0.0
1520,0.0,0.0,0.0,0.0
1521,0.0,0.0,0.0,0.0
1522,0.0,0.0,0.0,0.0
1523,0.0,0.0,0.0,0.0
1524,0.0,0.0,0.0,0.0
1525,0.0,0.0,0.0,0.0
1526,0.0,0.0,0.0,0.0
1527,0.0,0.0,0.0,0.0
1528,0.0,0.0,0.0,0.0
1529,0.0,0.0,0.0,0.0
1530,0.0,0.0,0.0,0.0
1531,0.0,0.0,0.0,0.0
1532,0.0,0.0,0.0,0.0
1533,0.0,0.0,0.0,0.0
1534,0.0,0.0,0.0,0.0
1535,0.0,0.0,0.0,0.0
1536,0.0,0.0,0.0,0.0
1537,0.0,0.0,0.0,0.0
1538,0.0,0.0,0.0,0.0
1539,0.0,0.0,0.0,0.0
1540,0.0,0.0,0.0,0.0
1541,0.0,0.0,0.0,0.0
1542,0.0,0.0,0.0,0.0
1543,0.0,0.0,0.0,0.0
1544,0.0,0.0,0.0,0.0
1545,0.0,0.0,0.0,0.0
1546,0.0,0.0,0.0,0.0
1547,0.0,0.0,0.0,0.0
1548,0.0,0.0,0.0,0.0
1549,0.0,0.0,0.0,0.0
1550,0.0,0.0,0.0,0.0
1551,0.0,0.0,0.0,0.0
1552,0.0,0.0,0.0,0.0
1553,0.0,0.0,0.0,0.0
1554,0.0,0.0,0.0,0.0
1555,0.0,0.0,0.0,0.0
1556,0.0,0.0,0.0,0.0
1557,0.0,0.0,0.0,0.0
1558,0.0,0.0,0.0,0.0
1559,0.0,0.0,0.0,0.0
1560,0.0,0.0,0.0,0.0
1561,0.0,0.0,0.0,0.0
1562,0.0,0.0,0.0,0.0
1563,0.0,0.0,0.0,0.0
1564,0.0,0.0,0.0,0.0
1565,0.0,0.0,0.0,0.0
1566,0.0,0.0,0.0,0.0
1567,0.0,0.0,0.0,0.0
1568,0.0,0.0,0.0,0.0
1569,0.0,0.0,0.0,0.0
1570,0.0,0.0,0.0,0.0
1571,0.0,0.0,0.0,0.0
1572,0.0,0.0,0.0,0.0
1573,0.0,0.0,0.0,0.0
1574,0.0,0.0,0.0,0.0
1575,0.0,0.0,0.0,0.0
1576,0.0,0.0,0.0,0.0
1577,0.0,0.0,0.0,0.0
1578,0.0,0.0,0.0,0.0
1579,0.0,0.0,0.0,0.0
1580,0.0,0.0,0.0,0.0
1581,0.0,0.0,0.0,0.0
1582,0.0,0.0,0.0,0.0
1583,0.0,0.0,0.0,0.0
1584,0.0,0.0,0.0,0.0
1585,0.0,0.0,0.0,0.0
1586,0.0,0.0,0.0,0.0
1587,0.0,0.0,0.0,0.0
1588,0.0,0.0,0.0,0.0
1589,0.0,0.0,0.0,0.0
1590,0.0,0.0,0.0,0.0
1591,0.0,0.0,0.0,0.0
1592,0.0,0.0,0.0,0.0
1593,0.0,0.0,0.0,0.0
1594,0.0,0.0,0.0,0.0
1595,0.0,0.0,0.0,0.0
1596,0.0,0.0,0.0,0.0
1597,0.0,0.0,0.0,0.0
1598,0.0,0.0,0.0,0.0
1599,0.0,0.0,0.0,0.0
1600,0.0,0.0,0.0,0.0
1601,0.0,0.0,0.0,0.0
1602,0.0,0.0,0.0,0.0
1603,0.0,0.0,0.0,0.0
1604,0.0,0.0,0.0,0.0
1605,0.0,0.0,0.0,0.0
1606,0.0,0.0,0.0,0.0
1607,0.0,0.0,0.0,0.0
1608,0.0,0.0,0.0,0.0
1609,0.0,0.0,0.0,0.0
1610,0.0,0.0,0.0,0.0
1611,0.0,0.0,0.0,0.0
1612,0.0,0.0,0.0,0.0
1613,0.0,0.0,0.0,0.0
1614,0.0,0.0,0.0,0.0
1615,0.0,0.0,0.0,0.0
1616,0.0,0.0,0.0,0.0
1617,0.0,0.0,0.0,0.0
1618,0.0,0.0,0.0,0.0
1619,0.0,0.0,0.0,0.0
1620,0.0,0.0,0.0,0.0
1621,0.0,0.0,0.0,0.0
1622,0.0,0.0,0.0,0.0
1623,0.0,0.0,0.0,0.0
1624,0.0,0.0,0.0,0.0
1625,0.0,0.0,0.0,0.0
1626,0.0,0.0,0.0,0.0
1627,0.0,0.0,0.0,0.0
1628,0.0,0.0,0.0,0.0
1629,0.0,0.0,0.0,0.0
1630,0.0,0.0,0.0,0.0
1631,0.0,0.0,0.0,0.0
1632,0.0,0.0,0.0,0.0
1633,0.0,0.0,0.0,0.0
1634,0.0,0.0,0.0,0.0
1635,0.0,0.0,0.0,0.0
1636,0.0,0.0,0.0,0.0
1637,0.0,0.0,0.0,0.0
1638,0.0,0.0,0.0,0.0
1639,0.0,0.0,0.0,0.0
1640,0.0,0.0,0.0,0.0
1641,0.0,0.0,0.0,0.0
1642,0.0,0.0,0.0,0.0
1643,0.0,0.0,0.0,0.0
1644,0.0,0.0,0.0,0.0
1645,0.0,0.0,0.0,0.0
1646,0.0,0.0,0.0,0.0
1647,0.0,0.0,0.0,0.0
1648,0.0,0.0,0.0,0.0
1649,0.0,0.0,0.0,0.0
1650,0.0,0.0,0.0,0.0
1651,0.0,0.0,0.0,0.0
1652,0.0,0.0,0.0,0.0
1653,0.0,0.0,0.0,0.0
1654,0.0,0.0,0.0,0.0
1655,0.0,0.0,0.0,0.0
1656,0.0,0.0,0.0,0.0
1657,0.0,0.0,0.0,0.0
1658,0.0,0.0,0.0,0.0
1659,0.0,0.0,0.0,0.0
1660,0.0,0.0,0.0,0.0
1661,0.0,0.0,0.0,0.0
1662,0.0,0.0,0.0,0.0
1663,0.0,0.0,0.0,0.0
1664,0.0,0.0,0.0,0.0
1665,0.0,0.0,0.0,0.0
1666,0.0,0.0,0.0,0.0
1667,0.0,0.0,0.0,0.0
1668,0.0,0.0,0.0,0.0
1669,0.0,0.0,0.0,0.0
1670,0.0,0.0,0.0,0.0
1671,0.0,0.0,0.0,0.0
1672,0.0,0.0,0.0,0.0
1673,0.0,0.0,0.0,0.0
1674,0.0,0.0,0.0,0.0
1675,0.0,0.0,0.0,0.0
1676,0.0,0.0,0.0,0.0
1677,0.0,0.0,0.0,0.0
1678,0.0,0.0,0.0,0.0
1679,0.0,0.0,0.0,0.0
1680,0.0,0.0,0.0,0.0
1681,0.0,0.0,0.0,0.0
1682,0.0,0.0,0.0,0.0
1683,0.0,0.0,0.0,0.0
1684,0.0,0.0,0.0,0.0
1685,0.0,0.0,0.0,0.0
1686,0.0,0.0,0.0,0.0
1687,0.0,0.0,0.0,0.0
1688,0.0,0.0,0.0,0.0
1689,0.0,0.0,0.0,0.0
1690,0.0,0.0,0.0,0.0
1691,0.0,0.0,0.0,0.0
1692,0.0,0.0,0.0,0.0
1693,0.0,0.0,0.0,0.0
1694,0.0,0.0,0.0,0.0
1695,0.0,0.0,0.0,0.0
1696,0.0,0.0,0.0,0.0
1697,0.0,0.0,0.0,0.0
1698,0.0,0.0,0.0,0.0
1699,0.0,0.0,0.0,0.0
1700,0.0,0.0,0.0,0.0
1701,0.0,0.0,0.0,0.0
1702,0.0,0.0,0.0,0.0
1703,0.0,0.0,0.0,0.0
1704,0.0,0.0,0.0,0.0
1705,0.0,0.0,0.0,0.0
1706,0.0,0.0,0.0,0.0
1707,0.0,0.0,0.0,0.0
1708,0.0,0.0,0.0,0.0
1709,0.0,0.0,0.0,0.0
1710,0.0,0.0,0.0,0.0
1711,0.0,0.0,0.0,0.0
1712,0.0,0.0,0.0,0.0
1713,0.0,0.0,0.0,0.0
1714,0.0,0.0,0.0,0.0
1715,0.0,0.0,0.0,0.0
1716,0.0,0.0,0.0,0.0
1717,0.0,0.0,0.0,0.0
1718,0.0,0.0,0.0,0.0
1719,0.0,0.0,0.0,0.0
1720,0.0,0.0,0.0,0.0
1721,0.0,0.0,0.0,0.0
1722,0.0,0.0,0.0,0.0
1723,0.0,0.0,0.0,0.0
1724,0.0,0.0,0.0,0.0
1725,0.0,0.0,0.0,0.0
1726,0.0,0.0,0.0,0.0
1727,0.0,0.0,0.0,0.0
1728,0.0,0.0,0.0,0.0
1729,0.0,0.0,0.0,0.0
1730,0.0,0.0,0.0,0.0
1731,0.0,0.0,0.0,0.0
1732,0.0,0.0,0.0,0.0
1733,0.0,0.0,0.0,0.0
1734,0.0,0.0,0.0,0.0
1735,0.0,0.0,0.0,0.0
1736,0.0,0.0,0.0,0.0
1737,0.0,0.0,0.0,0.0
1738,0.0,0.0,0.0,0.0
1739,0.0,0.0,0.0,0.0
1740,0.0,0.0,0.0,0.0
1741,0.0,0.0,0.0,0.0
1742,0.0,0.0,0.0,0.0
1743,0.0,0.0,0.0,0.0
1744,0.0,0.0,0.0,0.0
1745,0.0,0.0,0.0,0.0
1746,0.0,0.0,0.0,0.0
1747,0.0,0.0,0.0,0.0
1748,0.0,0.0,0.0,0.0
1749,0.0,0.0,0.0,0.0
1750,0.0,0.0,0.0,0.0
1751,0.0,0.0,0.0,0.0
1752,0.0,0.0,0.0,0.0
1753,0.0,0.0,0.0,0.0
1754,0.0,0.0,0.0,0.0
1755,0.0,0.0,0.0,0.0
1756,0.0,0.0,0.0,0.0
1757,0.0,0.0,0.0,0.0
1758,0.0,0.0,0.0,0.0
1759,0.0,0.0,0.0,0.0
1760,0.0,0.0,0.0,0.0
1761,0.0,0.0,0.0,0.0
1762,0.0,0.0,0.0,0.0
1763,0.0,0.0,0.0,0.0
1764,0.0,0.0,0.0,0.0
1765,0.0,0.0,0.0,0.0
1766,0.0,0.0,0.0,0.0
1767,0.0,0.0,0.0,0.0
1768,0.0,0.0,0.0,0.0
1769,0.0,0.0,0.0,0.0
1770,0.0,0.0,0.0,0.0
1771,0.0,0.0,0.0,0.0
1772,0.0,0.0,0.0,0.0
1773,0.0,0.0,0.0,0.0
1774,0.0,0.0,0.0,0.0
1775,0.0,0.0,0.0,0.0
1776,0.0,0.0,0.0,0.0
1777,0.0,0.0,0.0,0.0
1778,0.0,0.0,0.0,0.0
1779,0.0,0.0,0.0,0.0
1780,0.0,0.0,0.0,0.0
1781,0.0,0.0,0.0,0.0
1782,0.0,0.0,0.0,0.0
1783,0.0,0.0,0.0,0.0
1784,0.0,0.0,0.0,0.0
1785,0.0,0.0,0.0,0.0
1786,0.0,0.0,0.0,0.0
1787,0.0,0.0,0.0,0.0
1788,0.0,0.0,0.0,0.0
1789,0.0,0.0,0.0,0.0
1790,0.0,0.0,0.0,0.0
1791,0.0,0.0,0.0,0.0
1792,0.0,0.0,0.0,0.0
1793,0.0,0.0,0.0,0.0
1794,0.0,0.0,0.0,0.0
1795,0.0,0.0,0.0,0.0
1796,0.0,0.0,0.0,0.0
1797,0.0,0.0,0.0,0.0
1798,0.0,0.0,0.0,0.0
1799,0.0,0.0,0.0,0.0
1800,0.0,0.0,0.0,0.0
1801,0.0,0.0,0.0,0.0
1802,0.0,0.0,0.0,0.0
1803,0.0,0.0,0.0,0.0
1804,0.0,0.0,0.0,0.0
1805,0.0,0.0,0.0,0.0
1806,0.0,0.0,0.0,0.0
1807,0.0,0.0,0.0,0.0
1808,0.0,0.0,0.0,0.0
1809,0.0,0.0,0.0,0.0
1810,0.0,0.0,0.0,0.0
1811,0.0,0.0,0.0,0.0
1812,0.0,0.0,0.0,0.0
1813,0.0,0.0,0.0,0.0
1814,0.0,0.0,0.0,0.0
1815,0.0,0.0,0.0,0.0
1816,0.0,0.0,0.0,0.0
1817,0.0,0.0,0.0,0.0
1818,0.0,0.0,0.0,0.0
1819,0.0,0.0,0.0,0.0
1820,0.0,0.0,0.0,0.0
1821,0.0,0.0,0.0,0.0
1822,0.0,0.0,0.0,0.0
1823,0.0,0.0,0.0,0.0
1824,0.0,0.0,0.0,0.0
1825,0.0,0.0,0.0,0.0
1826,0.0,0.0,0.0,0.0
1827,0.0,0.0,0.0,0.0
1828,0.0,0.0,0.0,0.0
1829,0.0,0.0,0.0,0.0
1830,0.0,0.0,0.0,0.0
1831,0.0,0.0,0.0,0.0
1832,0.0,0.0,0.0,0.0
1833,0.0,0.0,0.0,0.0
1834,0.0,0.0,0.0,0.0
1835,0.0,0.0,0.0,0.0
1836,0.0,0.0,0.0,0.0
1837,0.0,0.0,0.0,0.0
1838,0.0,0.0,0.0,0.0
1839,0.0,0.0,0.0,0.0
1840,0.0,0.0,0.0,0.0
1841,0.0,0.0,0.0,0.0
1842,0.0,0.0,0.0,0.0
1843,0.0,0.0,0.0,0.0
1844,0.0,0.0,0.0,0.0
1845,0.0,0.0,0.0,0.0
1846,0.0,0.0,0.0,0.0
1847,0.0,0.0,0.0,0.0
1848,0.0,0.0,0.0,0.0
1849,0.0,0.0,0.0,0.0
1850,0.0,0.0,0.0,0.0
1851,0.0,0.0,0.0,0.0
1852,0.0,0.0,0.0,0.0
1853,0.0,0.0,0.0,0.0
1854,0.0,0.0,0.0,0.0
1855,0.0,0.0,0.0,0.0
1856,0.0,0.0,0.0,0.0
1857,0.0,0.0,0.0,0.0
1858,0.0,0.0,0.0,0.0
1859,0.0,0.0,0.0,0.0
1860,0.0,0.0,0.0,0.0
1861,0.0,0.0,0.0,0.0
1862,0.0,0.0,0.0,0.0
1863,0.0,0.0,0.0,0.0
1864,0.0,0.0,0.0,0.0
1865,0.0,0.0,0.0,0.0
1866,0.0,0.0,0.0,0.0
1867,0.0,0.0,0.0,0.0
1868,0.0,0.0,0.0,0.0
1869,0.0,0.0,0.0,0.0
1870,0.0,0.0,0.0,0.0
1871,0.0,0.0,0.0,0.0
1872,0.0,0.0,0.0,0.0
1873,0.0,0.0,0.0,0.0
1874,0.0,0.0,0.0,0.0
1875,0.0,0.0,0.0,0.0
1876,0.0,0.0,0.0,0.0
1877,0.0,0.0,0.0,0.0
1878,0.0,0.0,0.0,0.0
1879,0.0,0.0,0.0,0.0
1880,0.0,0.0,0.0,0.0
1881,0.0,0.0,0.0,0.0
1882,0.0,0.0,0.0,0.0
1883,0.0,0.0,0.0,0.0
1884,0.0,0.0,0.0,0.0
1885,0.0,0.0,0.0,0.0
1886,0.0,0.0,0.0,0.0
1887,0.0,0.0,0.0,0.0
1888,0.0,0.0,0.0,0.0
1889,0.0,0.0,0.0,0.0
1890,0.0,0.0,0.0,0.0
1891,0.0,0.0,0.0,0.0
1892,0.0,0.0,0.0,0.0
1893,0.0,0.0,0.0,0.0
1894,0.0,0.0,0.0,0.0
1895,0.0,0.0,0.0,0.0
1896,0.0,0.0,0.0,0.0
1897,0.0,0.0,0.0,0.0
1898,0.0,0.0,0.0,0.0
1899,0.0,0.0,0.0,0.0
1900,0.0,0.0,0.0,0.0
1901,0.0,0.0,0.0,0.0
1902,0.0,0.0,0.0,0.0
1903,0.0,0.0,0.0,0.0
1904,0.0,0.0,0.0,0.0
1905,0.0,0.0,0.0,0.0
1906,0.0,0.0,0.0,0.0
1907,0.0,0.0,0.0,0.0
1908,0.0,0.0,0.0,0.0
1909,0.0,0.0,0.0,0.0
1910,0.0,0.0,0.0,0.0
1911,0.0,0.0,0.0,0.0
1912,0.0,0.0,0.0,0.0
1913,0.0,0.0,0.0,0.0
1914,0.0,0.0,0.0,0.0
1915,0.0,0.0,0.0,0.0
1916,0.0,0.0,0.0,0.0
1917,0.0,0.0,0.0,0.0
1918,0.0,0.0,0.0,0.0
1919,0.0,0.0,0.0,0.0
1920,0.0,0.0,0.0,0.0
1921,0.0,0.0,0.0,0.0
1922,0.0,0.0,0.0,0.0
1923,0.0,0.0,0.0,0.0
1924,0.0,0.0,0.0,0.0
1925,0.0,0.0,0.0,0.0
1926,0.0,0.0,0.0,0.0
1927,0.0,0.0,0.0,0.0
1928,0.0,0.0,0.0,0.0
1929,0.0,0.0,0.0,0.0
1930,0.0,0.0,0.0,0.0
1931,0.0,0.0,0.0,0.0
1932,0.0,0.0,0.0,0.0
1933,0.0,0.0,0.0,0.0
1934,0.0,0.0,0.0,0.0
1935,0.0,0.0,0.0,0.0
1936,0.0,0.0,0.0,0.0
1937,0.0,0.0,0.0,0.0
1938,0.0,0.0,0.0,0.0
1939,0.0,0.0,0.0,0.0
1940,0.0,0.0,0.0,0.0
1941,0.0,0.0,0.0,0.0
1942,0.0,0.0,0.0,0.0
1943,0.0,0.0,0.0,0.0
1944,0.0,0.0,0.0,0.0
1945,0.0,0.0,0.0,0.0
1946,0.0,0.0,0.0,0.0
1947,0.0,0.0,0.0,0.0
1948,0.0,0.0,0.0,0.0
1949,0.0,0.0,0.0,0.0
1950,0.0,0.0,0.0,0.0
1951,0.0,0.0,0.0,0.0
1952,0.0,0.0,0.0,0.0
1953,0.0,0.0,0.0,0.0
1954,0.0,0.0,0.0,0.0
1955,0.0,0.0,0.0,0.0
1956,0.0,0.0,0.0,0.0
1957,0.0,0.0,0.0,0.0
1958,0.0,0.0,0.0,0.0
1959,0.0,0.0,0.0,0.0
1960,0.0,0.0,0.0,0.0
1961,0.0,0.0,0.0,0.0
1962,0.0,0.0,0.0,0.0
1963,0.0,0.0,0.0,0.0
1964,0.0,0.0,0.0,0.0
1965,0.0,0.0,0.0,0.0
1966,0.0,0.0,0.0,0.0
1967,0.0,0.0,0.0,0.0
1968,0.0,0.0,0.0,0.0
1969,0.0,0.0,0.0,0.0
1970,0.0,0.0,0.0,0.0
1971,0.0,0.0,0.0,0.0
1972,0.0,0.0,0.0,0.0
1973,0.0,0.0,0.0,0.0
1974,0.0,0.0,0.0,0.0
1975,0.0,0.0,0.0,0.0
1976,0.0,0.0,0.0,0.0
1977,0.0,0.0,0.0,0.0
1978,0.0,0.0,0.0,0.0
1979,0.0,0.0,0.0,0.0
1980,0.0,0.0,0.0,0.0
1981,0.0,0.0,0.0,0.0
1982,0.0,0.0,0.0,0.0
1983,0.0,0.0,0.0,0.0
1984,0.0,0.0,0.0,0.0
1985,0.0,0.0,0.0,0.0
1986,0.0,0.0,0.0,0.0
1987,0.0,0.0,0.0,0.0
1988,0.0,0.0,0.0,0.0
1989,0.0,0.0,0.0,0.0
1990,0.0,0.0,0.0,0.0
1991,0.0,0.0,0.0,0.0
1992,0.0,0.0,0.0,0.0
1993,0.0,0.0,0.0,0.0
1994,0.0,0.0,0.0,0.0
1995,0.0,0.0,0.0,0.0
1996,0.0,0.0,0.0,0.0
1997,0.0,0.0,0.0,0.0
1998,0.0,0.0,0.0,0.0
1999,0.0,0.0,0.0,0.0
